1.800569107219647247e-01 9.309273054207434228e-02 2.731496412640390670e-01
6.272565833012735403e-01 1.583286458915714734e-01 7.855852291928450137e-01
5.158960138201147405e-01 9.115103534000168484e-01 1.427406367220131589e+00
2.466014686990865012e-01 1.890914846703976027e-01 4.356929533694841039e-01
5.846628607232970953e-01 3.613444563453849234e-02 6.207973063578355877e-01
2.090394117713734179e-01 3.361494849736745838e-02 2.426543602687408763e-01
9.045389129481671286e-01 1.007553689374797168e-01 1.005294281885646956e+00
9.589567075455318612e-01 3.271745841402707855e-01 1.286131291685802758e+00
7.889754753127062870e-01 3.465892086601896072e-01 1.135564683972895894e+00
9.771655183184785320e-01 2.283417903565054807e-01 1.205507308674984124e+00
8.479809446379205085e-02 9.767087310610378381e-04 8.577480319485308868e-02
3.183224624824205762e-01 2.435048994413132606e-01 5.618273619237338368e-01
9.210690567187778122e-01 1.782061101035348205e-02 9.388896677291312942e-01
1.390336270282924724e-01 6.812884643143091168e-02 2.071624734597233841e-01
3.224516765342589908e-01 8.294159291196110395e-01 1.151867605653869919e+00
9.426210320903342099e-01 9.755829864975488208e-01 1.918204018587883031e+00
1.345694774929248050e-01 7.088289227611017651e-01 8.433984002540265701e-01
2.899226546445510255e-01 9.377955478883920337e-01 1.227718202532943170e+00
1.626559291791165318e-01 3.638843463066998574e-01 5.265402754858163892e-01
5.432100512845675633e-01 5.854634749002726180e-01 1.128673526184840181e+00
9.005622466622373867e-01 7.443937088534250401e-01 1.644955955515662538e+00
8.996274098170594646e-01 3.954739080037070753e-01 1.295101317820766429e+00
6.190950632099911921e-02 5.030773854706132031e-01 5.649868917916123223e-01
7.178994006715788689e-02 1.071723573368067450e-01 1.789622974039646319e-01
1.640278060724229547e-01 7.669862324013611010e-01 9.310140384737840558e-01
3.804157116347235412e-01 3.204838215441281335e-01 7.008995331788516747e-01
7.169588680930985003e-01 1.686354923740195355e-01 8.855943604671180358e-01
3.664942727458662119e-01 6.892538448466152268e-01 1.055748117592481439e+00
4.046854531252184195e-01 6.834927259516554443e-01 1.088178179076873864e+00
9.856892501952618790e-01 1.758928041812624077e-02 1.003278530613388231e+00
4.285585082379742561e-01 6.243599871693674697e-01 1.052918495407341837e+00
3.746436003988493635e-01 4.560286488999233390e-01 8.306722492987727025e-01
9.210631717953962072e-01 1.610917575872138352e-01 1.082154929382610042e+00
8.692772944028673843e-01 5.589244898397549566e-01 1.428201784242622452e+00
9.894014498218623999e-01 5.175392847789517248e-01 1.506940734600814125e+00
2.464591679884330366e-01 2.748850748420047507e-01 5.213442428304377874e-01
6.072967035351573006e-01 5.112108486725362999e-01 1.118507552207693490e+00
9.592677173949373248e-01 8.009447229427917314e-01 1.760212440337729056e+00
4.520377338628603914e-01 9.022407265916561059e-01 1.354278460454516608e+00
4.101214596701412418e-01 8.955121758499926532e-01 1.305633635520133895e+00
5.124780811672298153e-01 3.443448426849813337e-01 8.568229238522111491e-01
2.583508426021957627e-01 2.865858697231037366e-01 5.449367123252994993e-01
6.849099071513395920e-01 9.945082966446474604e-01 1.679418203795987052e+00
3.274230177602136527e-01 7.230321508236938755e-01 1.050455168583907639e+00
1.206777074678309081e-01 7.796024649161668041e-01 9.002801723839977122e-01
3.616069115627287278e-01 3.828030190059461546e-01 7.444099305686748824e-01
5.757154981480733236e-01 9.354924078066847448e-01 1.511207905954758068e+00
2.758829697386434576e-01 4.301959084998617788e-01 7.060788782385052365e-01
5.190015472070307334e-01 8.366248117271478657e-01 1.355626358934178599e+00
4.479850752996038521e-01 8.390790378708097297e-01 1.287064113170413471e+00
4.934654454956859393e-01 5.587878737308438204e-02 5.493442328687703213e-01
7.773522049356512698e-01 5.430051845912351460e-01 1.320357389526886305e+00
5.503028065143067415e-02 5.637161795019349775e-01 6.187464601533656516e-01
8.788056340507240938e-01 8.006490846586045151e-02 9.588705425165845453e-01
5.277866532065471628e-01 1.300358174876747874e-02 5.407902349553146415e-01
9.884105274415077025e-01 2.001601596561761731e-01 1.188570687097683987e+00
7.059673662234988711e-02 8.013059945472722490e-02 1.507273360770771120e-01
9.763216613040781588e-02 6.228269261943356616e-01 7.204590923247434775e-01
7.791581932943946187e-01 8.282033643382173960e-01 1.607361557632612126e+00
6.389604819006892145e-01 4.185525478775403707e-01 1.057513029778229585e+00
9.496754576363279909e-01 9.249630431870408120e-01 1.874638500823368803e+00
7.433644657967539704e-01 8.450148910084135379e-01 1.588379356805167397e+00
8.415360420868855940e-02 7.439759363689549820e-01 8.281295405776435414e-01
1.220311137325430506e-01 4.841583558915564245e-01 6.061894696240994751e-01
4.619108491434553709e-01 3.369823662024998834e-01 7.988932153459552543e-01
8.479118181753764194e-01 3.915121024112859782e-01 1.239423920586662398e+00
5.672225812014427548e-01 4.092130323239968615e-01 9.764356135254396163e-01
5.211474743875101900e-01 2.164534421868339331e-01 7.376009165743441232e-01
2.586585897451798566e-02 4.942494687806038289e-01 5.201153277551218146e-01
9.549939359728666366e-01 5.866410076230216264e-01 1.541634943595888263e+00
1.886482343200243106e-01 4.118671443478566507e-01 6.005153786678809613e-01
4.670944471970218670e-01 8.804512167107008125e-01 1.347545663907722790e+00
9.541834256625205679e-01 7.524650312784020301e-01 1.706648456940922598e+00
9.595201518987899192e-01 4.196356311845622633e-01 1.379155783083352294e+00
7.906444105077127249e-01 5.372909279568144347e-01 1.327935338464527160e+00
2.281177771946371058e-01 2.097207100031237559e-01 4.378384871977608617e-01
1.479954899003713686e-01 9.951343846053561926e-03 1.579468337464249306e-01
7.417613344521110097e-01 4.105299115917551145e-01 1.152291246043866124e+00
3.613943060095303750e-01 8.342292736933569763e-01 1.195623579702887351e+00
8.741917983630848044e-01 8.564195943449679493e-01 1.730611392708052865e+00
9.732624281610698924e-01 5.787094375579742156e-01 1.551971865719043997e+00
1.671172678482611973e-01 9.580058264905859655e-01 1.125123094338847274e+00
3.746582763811089345e-01 1.461043164694812990e-01 5.207625928505902335e-01
5.018142727226477806e-01 4.397552595234269779e-01 9.415695322460747585e-01
5.670992055838851575e-01 1.142975267069981093e-01 6.813967322908832669e-01
4.808605533015969380e-01 8.207059361347267545e-01 1.301566489436323693e+00
2.808089258151258427e-01 2.931458355842897490e-01 5.739547613994155917e-01
7.257156762273273554e-01 6.231201210626536868e-01 1.348835797289980931e+00
4.748893994106870853e-01 1.838373820150366322e-01 6.587267814257237175e-01
1.218771576067494422e-01 8.098975371149641500e-02 2.028669113182458572e-01
3.137291874675179892e-01 3.966162151237290212e-01 7.103454025912470104e-01
1.076560232425397556e-01 6.483750388027595957e-01 7.560310620452993513e-01
6.117086212581276383e-01 6.135083376568899460e-01 1.225216958915017695e+00
2.037337508435188571e-02 1.602061864431176819e-01 1.805795615274695676e-01
1.139172478577153980e-01 2.703658642093073050e-01 3.842831120670227030e-01
5.245628829931958670e-03 5.438584541852604648e-01 5.491040830151924235e-01
9.177745223169168076e-01 5.485330718245581272e-01 1.466307594141474935e+00
4.558236108843900514e-01 8.247466109560364078e-01 1.280570221840426459e+00
3.569390339675440060e-01 9.814759671495503213e-01 1.338415001117094327e+00
6.968357169702432685e-01 3.136536942049938936e-02 7.282010863907426579e-01
4.658502837896457693e-01 5.323217245207719772e-01 9.981720083104177466e-01
9.270191368394996578e-01 7.785799992906744516e-01 1.705599136130174109e+00
9.852125493400388789e-01 7.993885039214237986e-01 1.784601053261462678e+00
4.287639413354216167e-01 5.389229723153050600e-01 9.676869136507266767e-01
7.383637182026536738e-01 5.654017346954500756e-01 1.303765452898103749e+00
3.426926350493928464e-01 3.637730102502831908e-01 7.064656452996760372e-01
8.213970252815772088e-02 2.482117829418218902e-01 3.303514854699796111e-01
8.117086122210119825e-01 9.225318353196465537e-01 1.734240447540658536e+00
6.565169846413865251e-01 5.750764328896885713e-01 1.231593417531075207e+00
8.580836133346014805e-02 7.599116229067659489e-01 8.457199842402260970e-01
8.429560740054509171e-02 9.582718225510924448e-01 1.042567429951637425e+00
4.060321717548009968e-02 5.004958912061874265e-02 9.065280629609884233e-02
8.152575648337823111e-02 5.008804504797303991e-01 5.824062069631086302e-01
1.962693198868327160e-01 2.761372212142458871e-01 4.724065411010786031e-01
3.102263964332441226e-03 7.803323453684650746e-01 7.834346093327975158e-01
4.548441541188555926e-01 6.970200057670270510e-01 1.151864159885882533e+00
8.515769307116541897e-01 9.333143582979980257e-01 1.784891289009652215e+00
2.832903714247227978e-01 1.080313131496795087e-01 3.913216845744023065e-01
5.558477537629074039e-01 2.758750301117228743e-01 8.317227838746302782e-01
4.908026860721994566e-01 8.232360766531281460e-01 1.314038762725327603e+00
9.721154418198627578e-01 2.042287818883835593e-01 1.176344223708246428e+00
8.510772705930029769e-01 1.087666000139654310e-01 9.598438706069684079e-01
5.477496834763437850e-01 6.193840565718866653e-01 1.167133740048230450e+00
8.111786397695026629e-01 8.882732463009000989e-01 1.699451886070402651e+00
4.443565285781826413e-01 6.040277952496538871e-01 1.048384323827836528e+00
8.068680705976659651e-01 9.236910507114035607e-01 1.730559121309069415e+00
2.420345630866299613e-01 3.129652765896537847e-01 5.549998396762837460e-01
6.483686181346692834e-01 7.670543740522298704e-01 1.415422992186899265e+00
5.578463089874250436e-01 8.380127467265049424e-01 1.395859055713930097e+00
4.369065422728480863e-01 4.679260203145364505e-01 9.048325625873845368e-01
8.187197494860237734e-01 2.959757973824914679e-01 1.114695546868515130e+00
5.994329262748928633e-01 9.822514661138661562e-01 1.581684392388758909e+00
3.597970158305485722e-01 2.097624168532830069e-02 3.807732575158768729e-01
3.239265892360859711e-01 9.726374453841520884e-01 1.296564034620238060e+00
7.646887839016774935e-01 9.450092355011152634e-04 7.656337931371786087e-01
5.122588911719416771e-01 7.765364456692135375e-01 1.288795336841155326e+00
3.394486402867236130e-02 8.747221610141934223e-01 9.086670250428657836e-01
8.045191143179952764e-01 7.470479502381538461e-01 1.551567064556149234e+00
3.611604692191550114e-01 3.199659758433115453e-01 6.811264450624665567e-01
8.561773915058878970e-01 9.252301206661587285e-01 1.781407512172046737e+00
3.676046474156146049e-01 3.347006274149053606e-01 7.023052748305199655e-01
5.015555040018949695e-01 9.678696765276387781e-01 1.469425180529533748e+00
2.445793075754916224e-01 7.045046334286110268e-01 9.490839410041026492e-01
5.761709134895859341e-01 1.797628358701879314e-01 7.559337493597738655e-01
3.906282140355976651e-01 9.646746866293368639e-01 1.355302900664934640e+00
7.409534384906037996e-01 8.486203000927980966e-01 1.589573738583401896e+00
4.189754663941444024e-01 8.663264660609829582e-01 1.285301932455127361e+00
1.190720901430317724e-01 9.040140173399197066e-01 1.023086107482951590e+00
9.693399128921188490e-01 3.107093213102982698e-01 1.280049234202417008e+00
5.921392750210870970e-01 7.135580268567986995e-02 6.634950777067669669e-01
2.940305674422651894e-01 7.120152535174966157e-01 1.006045820959761805e+00
1.965299042242004690e-01 3.348352496725022220e-01 5.313651538967026910e-01
1.940946596250513467e-01 1.382377974377649865e-01 3.323324570628163332e-01
8.929328900843933603e-01 9.976573736713213458e-01 1.890590263755714595e+00
5.086572958762579644e-01 5.346165676209424511e-02 5.621189526383522095e-01
9.170408602588725477e-01 4.502315321246963542e-01 1.367272392383569013e+00
3.003746913398657181e-01 1.360674315992377315e-01 4.364421229391034496e-01
8.986742941645878835e-01 4.234758970767603659e-01 1.322150191241348249e+00
6.470777187921594731e-01 6.082740912304346326e-01 1.255351810022593995e+00
1.193598609108637021e-01 2.083749444697374775e-01 3.277348053806011796e-01
7.840510667580055104e-01 4.645642622856601678e-01 1.248615329043665678e+00
2.296640284741855442e-01 4.862237405091225373e-01 7.158877689833080815e-01
3.617895003758753170e-03 1.210390830994750866e-01 1.246569781032338398e-01
7.050090359987677413e-01 7.027620804395975362e-01 1.407771116438365278e+00
8.491677085506965650e-02 8.267126482734864501e-01 9.116294191285561066e-01
6.366941631198326235e-01 1.948533712544080476e-01 8.315475343742406711e-01
2.713307093870931386e-02 7.571115223634896640e-01 7.842445933021989779e-01
5.384153887713634123e-01 6.477037112603780677e-01 1.186119100031741480e+00
1.909735031457256982e-01 7.822703610538062069e-02 2.692005392511063189e-01
6.297393168843188338e-01 9.976005363590616515e-01 1.627339853243380485e+00
7.545760232000345846e-01 5.591435938795825678e-01 1.313719617079617041e+00
4.362630119944774787e-01 7.085556535059852612e-01 1.144818665500462629e+00
4.048808360754846403e-01 9.463061755502194528e-01 1.351187011625704093e+00
8.755942242309374679e-01 7.992057332377966450e-01 1.674799957468734224e+00
6.703945409842233527e-01 7.120624775859248912e-01 1.382457018570148133e+00
6.227451736763495171e-01 1.294912959230178906e-01 7.522364695993674077e-01
9.025473340314105197e-01 9.978014867402787980e-01 1.900348820771689429e+00
8.484463745127732714e-01 2.891866957059125998e-01 1.137633070218685871e+00
6.085851454997592835e-01 6.384772045723594580e-01 1.247062350072118742e+00
2.377730317948206773e-01 2.433933547884332693e-01 4.811663865832539466e-01
1.175310933705787653e-01 4.149195490192529867e-01 5.324506423898317520e-01
9.740949805628058566e-01 6.374810314799245203e-01 1.611576012042730266e+00
4.947372568871863940e-01 2.138233773175947094e-01 7.085606342047811035e-01
8.903646900483231930e-01 7.510411164942223383e-01 1.641405806542545420e+00
8.109292277184845243e-01 7.353951178539556155e-01 1.546324345572440251e+00
4.754381749248730582e-01 8.523490382154647049e-01 1.327787213140337652e+00
5.410639396250599420e-01 2.379868813829821850e-02 5.648626277633581605e-01
1.125039640661085194e-02 5.833231616002956255e-01 5.945735580069064774e-01
3.710839991781478275e-02 6.451724379174800239e-01 6.822808378352948067e-01
2.594708551897682014e-01 5.306284103765589455e-01 7.900992655663271469e-01
6.078181144163833372e-01 4.829090621556246798e-01 1.090727176572007906e+00
4.434923327818282024e-01 4.787655900076464022e-01 9.222579227894746046e-01
7.144744487015763923e-02 9.398502070791026064e-01 1.011297651949260246e+00
4.312973458651210290e-01 1.976886989393722427e-02 4.510662157590582533e-01
5.202062618309657438e-01 5.361902613357822922e-01 1.056396523166748036e+00
4.244491555162055452e-01 5.567297918124296530e-01 9.811789473286351981e-01
3.751830060688243762e-01 8.119620540043351875e-01 1.187145060073159453e+00
7.807399989003178664e-01 3.036713741069514416e-01 1.084411373007269308e+00
4.844805991844606252e-01 7.235855322620374785e-01 1.208066131446498215e+00
4.737193689304671773e-01 7.412496363419166512e-01 1.214969005272383828e+00
6.076797380593959019e-01 2.019191226469047029e-01 8.095988607063006048e-01
2.011622511186322848e-01 5.956070606544322521e-01 7.967693117730645369e-01
2.272242980542471535e-01 3.196934632105487006e-01 5.469177612647958542e-01
8.426437863767053393e-01 5.856140372258292759e-01 1.428257823602534504e+00
3.111475372775429626e-01 7.317317898904350804e-01 1.042879327167978154e+00
8.811595159347511697e-01 6.068060794843989081e-01 1.487965595419149967e+00
8.292782691281229690e-01 9.039975336267026540e-01 1.733275802754825623e+00
8.997496425569857514e-01 3.463821944012389631e-01 1.246131836958224604e+00
2.924761988650015354e-01 2.676314147465236326e-01 5.601076136115251680e-01
9.782891268234050752e-02 2.975465515386455095e-01 3.953754642209860171e-01
6.674397621210613751e-01 6.709288600169242001e-01 1.338368622137985575e+00
2.858421766589895885e-01 6.055834742715048291e-01 8.914256509304944176e-01
8.623281573514907095e-01 9.552637954689980893e-01 1.817591952820488910e+00
1.280854075468761399e-01 7.272758629927872365e-01 8.553612705396633764e-01
3.307622647336886379e-01 7.363154359490737821e-01 1.067077700682762309e+00
1.258962733185311489e-01 4.673750092442643389e-01 5.932712825627954878e-01
9.157310900647237517e-01 5.144050702751176152e-01 1.430136160339841478e+00
2.447468457653004803e-01 8.508507582591217089e-01 1.095597604024422189e+00
7.849122078574056749e-01 5.891876488780098953e-01 1.374099856735415681e+00
1.867069257530550308e-01 6.990736356271387564e-01 8.857805613801937872e-01
7.920528674161810834e-01 6.537000544138378277e-01 1.445752921830018911e+00
8.965555784818303175e-01 7.516134704123074162e-01 1.648169048894137845e+00
6.380142721505732695e-02 3.594875730570452621e-01 4.232890002721025891e-01
1.860282715840204659e-01 1.597471248485237139e-01 3.457753964325441798e-01
4.743629918031788684e-03 5.184765135664932689e-01 5.232201434845250576e-01
5.897995141316718648e-01 8.698607932478299443e-01 1.459660307379501809e+00
9.386992600996088010e-01 7.095670120313907203e-01 1.648266272130999521e+00
4.991782855466935231e-01 1.873168921453054470e-01 6.864951776919989701e-01
6.714161120286137319e-01 7.966985931334347182e-01 1.468114705162048450e+00
5.388304563006075520e-01 6.644332073366864266e-01 1.203263663637293979e+00
9.837876701404481006e-01 4.643456813591504417e-01 1.448133351499598653e+00
7.731493838079861458e-01 6.640586972956030731e-02 8.395552535375464531e-01
6.122892193264897198e-01 9.160832680245433179e-01 1.528372487351032927e+00
8.492537829230871749e-01 8.024292507161803201e-01 1.651683033639267606e+00
1.021252582668713549e-01 7.724558207922067599e-01 8.745810790590781147e-01
8.923110414415866831e-01 2.445548036840959893e-01 1.136865845125682561e+00
6.577390653360449813e-01 6.210376488975607456e-01 1.278776714233605727e+00
4.350659914506626036e-01 6.766366413910602784e-01 1.111702632841722771e+00
3.176396417081253087e-01 1.336844258091367532e-01 4.513240675172620620e-01
6.814709220562962244e-01 1.293554249659581989e-01 8.108263470222544234e-01
8.843642884937297222e-01 9.737199937889418067e-02 9.817362878726239028e-01
5.301334601581089156e-01 7.638175348772970885e-01 1.293950995035406004e+00
2.900454667408548515e-01 8.683333770961719766e-01 1.158378843837026828e+00
3.924977551251596086e-02 3.164684321395261346e-01 3.557182076520420955e-01
7.892664413270383816e-01 3.870082182243728131e-01 1.176274659551411084e+00
5.449722378083377006e-01 2.844220432882452743e-01 8.293942810965829748e-01
6.432977382087782248e-01 3.457697346828740859e-01 9.890674728916523106e-01
3.799915274166645318e-01 9.380725461856322944e-01 1.318064073602296826e+00
4.557350792477958823e-01 3.084706862781912973e-01 7.642057655259871796e-01
3.532238813657817555e-01 3.447015036857420389e-01 6.979253850515237945e-01
8.036521736150651352e-01 5.204084725861768401e-01 1.324060646201242086e+00
6.937673095797036726e-01 2.991232193890261959e-01 9.928905289687298685e-01
9.404029424644289037e-02 4.985681086173016086e-01 5.926084028637444989e-01
3.192882168571142820e-02 8.268421983353946292e-01 8.587710200211060574e-01
2.217634426092709443e-01 1.321781940854949156e-02 2.349812620178204359e-01
9.923269321108869612e-01 5.113610727328361527e-01 1.503688004843723114e+00
3.289971955280452942e-01 8.834268975750758646e-01 1.212424093103121159e+00
7.459409614976483249e-01 5.284443984578489628e-01 1.274385359955497288e+00
1.604446797195149266e-01 5.500374100361739016e-01 7.104820897556888282e-01
1.712827514765403736e-01 6.145119272641378361e-01 7.857946787406782096e-01
8.639451160861663093e-01 3.844295282194646335e-01 1.248374644305630943e+00
4.086083919633216599e-01 2.111449164461576267e-02 4.297228836079374226e-01
9.120239460928988295e-01 5.519254405406190944e-01 1.463949386633518035e+00
5.935937113021405587e-01 6.617527923541408619e-01 1.255346503656281421e+00
7.109654886786775929e-02 4.679925440791021796e-01 5.390890929469699389e-01
1.349741754416210471e-01 4.238368952612882046e-01 5.588110707029092517e-01
7.493268877909925463e-01 2.206481009982772523e-01 9.699749887892697986e-01
4.762124627234370911e-01 4.022695423102915502e-01 8.784820050337286412e-01
1.097094623279121217e-01 6.789793461499044058e-01 7.886888084778165275e-01
5.213793460893344500e-01 9.509922695108987689e-01 1.472371615600233330e+00
2.326709420788378724e-01 6.114923830439412678e-01 8.441633251227791401e-01
1.622450825192198742e-01 4.791643362825261931e-01 6.414094188017460674e-01
6.432381552920938272e-01 3.311499025018436182e-01 9.743880577939374454e-01
7.278067964370654730e-01 1.271087641745527463e-02 7.405176728545207476e-01
2.990366682692224831e-02 8.507191477737957586e-01 8.806228146007180069e-01
7.605612678246107539e-01 5.948122925065951749e-01 1.355373560331206040e+00
3.616210530866704742e-01 8.200564878025895510e-01 1.181677540889260136e+00
9.331095618837595973e-01 3.758809641375223665e-01 1.308990526021281964e+00
9.558096308607421099e-01 3.986804674878287047e-01 1.354490098348570815e+00
7.980507137566072995e-02 9.372380594958942268e-01 1.017043130871555068e+00
1.175870898738228254e-01 3.482838261570341265e-01 4.658709160308569519e-01
9.921442592341518374e-01 7.954248689617573476e-01 1.787569128195909185e+00
8.021337201518982107e-01 9.760345146101589986e-02 8.997371716129141106e-01
3.991634219984381282e-01 1.080970491870966166e-01 5.072604711855347448e-01
5.088432444008428313e-01 2.182489512915203322e-01 7.270921956923631635e-01
9.338471252388613753e-02 2.368496665406154555e-01 3.302343790645015931e-01
3.019702049655390574e-01 4.514528382684405150e-01 7.534230432339795724e-01
4.712765197497876812e-01 9.848312455000234333e-01 1.456107765249811115e+00
4.350735776248456643e-01 1.560942503620892374e-01 5.911678279869349018e-01
4.219149215654863783e-01 4.807427756026397825e-01 9.026576971681261607e-01
7.621466175478043281e-01 7.444972064032562287e-01 1.506643823951060668e+00
9.367592370821241632e-01 9.549579138729947791e-01 1.891717150955118942e+00
7.303702100120695873e-01 5.325817482338276454e-01 1.262951958245897233e+00
1.727761733146149226e-01 6.781155752804222114e-01 8.508917485950371340e-01
8.294763321157390124e-01 5.388348612161403262e-01 1.368311193331879227e+00
9.109671532035763519e-01 4.310093269116013204e-01 1.341976480115177672e+00
9.809745075260797309e-01 7.260872452510026553e-01 1.707061752777082386e+00
3.307121569948601181e-01 7.544356171318795656e-01 1.085147774126739684e+00
3.405061235175232959e-02 7.802676948084180664e-01 8.143183071601703960e-01
9.088920283610785189e-01 5.374741244058329759e-01 1.446366152766911384e+00
7.048709794415950469e-01 8.549147292540416609e-01 1.559785708695636597e+00
4.401349610570280957e-01 3.084155244545467855e-01 7.485504855115748812e-01
2.954874914537742869e-01 2.964285737515440777e-01 5.919160652053183647e-01
6.919821546423032821e-01 7.902032322888873361e-01 1.482185386931190507e+00
8.385277587615602712e-01 8.533919350727414699e-01 1.691919693834301741e+00
9.812283859037153055e-01 4.132771745437987532e-01 1.394505560447514059e+00
3.216873927210741613e-01 6.693351019954406622e-01 9.910224947165148235e-01
9.805174238927314434e-01 4.931343750135901427e-01 1.473651798906321586e+00
5.452226668467075044e-01 1.700566773286065203e-01 7.152793441753140247e-01
7.286341589281707387e-01 9.210533904407796069e-01 1.649687549368950457e+00
2.317056963990051788e-01 4.712935004734243316e-01 7.029991968724295104e-01
8.909692326722995492e-02 4.481840125926322971e-01 5.372809358598622520e-01
4.838297862489655543e-01 9.513051314394287417e-01 1.435134917688394296e+00
6.808532887960957458e-01 7.281728787619881071e-01 1.409026167558083742e+00
5.447938237562757191e-01 1.684763660055778045e-01 7.132701897618535236e-01
2.960576980347351395e-02 2.348362251867581740e-01 2.644419949902316880e-01
2.249686126482900450e-01 1.127922525564780676e-01 3.377608652047681126e-01
8.703175516336869588e-02 7.341714352913367714e-01 8.212031904547054673e-01
4.871512532152251218e-01 1.985810947159644124e-01 6.857323479311895342e-01
6.355748546642513430e-01 7.152670673448869865e-01 1.350841922009138329e+00
8.942651105677675849e-01 3.846404158288782016e-01 1.278905526396645786e+00
6.101176759179983700e-01 5.605180837974954589e-02 6.661694842977479158e-01
9.360252990055166755e-01 6.408639052314737405e-01 1.576889204236990416e+00
7.893036658764543967e-01 8.173808498961853131e-01 1.606684515772639710e+00
8.365941116132327160e-01 4.320112552472937795e-01 1.268605366860526384e+00
7.215474955196524709e-01 7.625433940274669586e-01 1.484090889547119430e+00
3.235485974145210220e-01 1.873338006554450264e-01 5.108823980699660483e-01
4.346637378957285414e-02 1.563036703158827700e-01 1.997700441054556242e-01
6.080736415471927891e-01 5.501249909202384769e-01 1.158198632467431377e+00
5.484385204322312912e-01 7.155015602628023164e-01 1.263940080695033608e+00
3.332487974826487953e-01 3.949148348358240135e-01 7.281636323184728088e-01
9.246308497991506670e-01 3.737443962166053790e-01 1.298375246015756046e+00
7.796985039940420581e-01 4.622432917099580374e-01 1.241941795704000207e+00
9.343769880309272802e-01 2.601305751658667953e-01 1.194507563196794075e+00
6.459266369186410506e-01 3.795262123505857010e-01 1.025452849269226752e+00
1.190496967592703514e-01 4.609598985362299839e-01 5.800095952955003353e-01
2.804466552139173174e-02 5.462822592481048067e-01 5.743269247694965385e-01
3.187230980065224317e-01 4.174417632623916852e-02 3.604672743327616002e-01
6.411038837914516675e-01 7.431373328958610358e-01 1.384241216687312814e+00
9.447264991141716139e-01 7.859889284496432982e-01 1.730715427563815023e+00
6.046037086970478258e-01 6.220726008990351552e-02 6.668109687869513413e-01
4.921805011551426690e-01 8.022765354685214012e-01 1.294457036623664070e+00
6.863430825976816196e-01 7.585308013330498422e-01 1.444873883930731573e+00
2.977210551299425134e-02 2.015421249480744414e-01 2.313142304610686928e-01
5.346327584725137916e-01 3.222681995690097612e-01 8.569009580415235527e-01
7.170470539270237254e-01 8.477288260616282489e-01 1.564775879988651974e+00
2.122375867343371247e-01 5.073206791451874142e-01 7.195582658795245390e-01
1.628815699640107084e-01 9.885594917149587157e-02 2.617375191355065800e-01
5.440096385350408070e-01 7.169759319324291447e-01 1.260985570467469952e+00
8.257098763384475015e-01 3.379403388118765728e-01 1.163650215150324074e+00
5.192458771130792350e-02 1.907099998023692455e-01 2.426345875136771690e-01
9.793349634437999995e-01 4.794185203909345772e-01 1.458753483834734688e+00
6.990426923712227403e-01 9.702923647645247396e-01 1.669335057135747480e+00
8.161821060990122056e-01 9.442799355861257737e-01 1.760462041685137979e+00
8.123491436754236572e-01 6.263357644593112727e-01 1.438684908134734819e+00
6.361999870301845439e-01 5.144063221452203072e-01 1.150606309175404851e+00
6.791803091799158976e-01 6.779364534467543502e-01 1.357116762626670248e+00
5.354270569446157868e-01 2.303377105423266569e-01 7.657647674869424437e-01
8.896381692005906894e-01 3.185407618328327528e-01 1.208178931033423442e+00
8.800718294395022401e-01 3.804703695403960362e-01 1.260542198979898387e+00
1.378052733249981454e-01 7.731267559373720122e-01 9.109320292623701576e-01
1.190018667859514823e-01 9.115837542463580689e-01 1.030585621032309440e+00
1.758281380346602418e-01 6.439818368100815871e-01 8.198099748447418289e-01
3.384476173140990030e-01 7.937214365353487677e-01 1.132169053849447771e+00
7.176928741852535154e-01 5.257603622074232819e-01 1.243453236392676686e+00
7.099168748931382611e-01 6.563648393743805043e-01 1.366281714267518765e+00
7.052321111353659910e-01 3.969670930163926581e-02 7.449288204370052568e-01
9.954262393331576586e-01 4.579892606181082959e-01 1.453415499951265843e+00
2.422330809859331024e-01 8.024024660302998546e-01 1.044635547016232957e+00
5.637052236087015666e-01 3.525601921728039878e-01 9.162654157815055544e-01
6.517822174916662048e-01 4.112271617008183000e-01 1.063009379192484616e+00
5.656013401103568983e-01 2.338190171457116273e-01 7.994203572560685256e-01
3.080259025889608981e-02 1.548503106042388167e-01 1.856529008631349065e-01
9.380914933187683991e-01 6.126835551423276405e-01 1.550775048461096040e+00
6.659121795713036640e-01 2.376668635148104780e-01 9.035790430861141420e-01
9.978870361590228555e-01 2.394161569376193066e-01 1.237303193096642051e+00
3.374149760902809270e-01 5.325223921871125032e-01 8.699373682773934302e-01
2.573867236580203999e-01 1.028406457027035703e-01 3.602273693607239702e-01
8.522394709844498539e-01 3.210640754946862963e-01 1.173303546479136150e+00
3.131393187060684813e-01 8.619658099797666839e-02 3.993358997040451497e-01
8.078570099308974850e-01 2.511764612205031888e-01 1.059033471151400674e+00
6.101790888694196280e-01 8.152728413661367579e-01 1.425451930235556386e+00
4.047957009877923840e-01 9.599763118185962174e-01 1.364772012806388712e+00
6.161233794260045915e-02 4.610033908867509078e-01 5.226157288293513670e-01
4.613146124666215320e-01 1.974505743133257996e-01 6.587651867799473315e-01
7.504008618806865538e-01 8.132269118163539812e-01 1.563627773697040535e+00
9.410170306916887384e-01 2.150081346246712766e-01 1.156025165316360015e+00
7.716329423932607456e-01 7.235168145000538953e-01 1.495149756893314752e+00
7.659816691828772450e-01 4.883330196420496705e-01 1.254314688824926805e+00
5.081766727748450174e-01 7.301285542152682329e-01 1.238305226990113361e+00
3.906570799529844873e-01 1.463333426275914562e-02 4.052904142157436329e-01
3.352213000825543521e-01 8.947897028072968606e-01 1.230011002889851213e+00
7.186841695156429566e-01 6.336847353574479591e-01 1.352368904873090916e+00
3.178595882638486358e-01 1.609479822130089888e-01 4.788075704768576246e-01
4.548132416801364819e-01 8.837005532829100840e-01 1.338513794963046566e+00
9.939264197932499156e-01 4.080479639149722226e-01 1.401974383708222138e+00
7.703141636133258308e-01 7.086731970183202112e-02 8.411814833151578519e-01
9.247915598131681847e-01 7.966670623366550741e-01 1.721458622149823370e+00
3.481631535630215213e-01 8.170282993609412348e-01 1.165191452923962867e+00
8.028034629782052622e-01 6.486400973693290384e-01 1.451443560347534412e+00
4.848799703037305342e-01 9.226427009272009094e-02 5.771442403964506251e-01
9.654095283288699481e-02 4.616121738482957815e-01 5.581531266811827763e-01
3.048089418561126251e-01 4.549192711789881161e-01 7.597282130351007412e-01
2.084037386038526396e-01 5.387490768046265810e-02 2.622786462843152977e-01
9.369790507837956195e-01 6.720937676100271485e-01 1.609072818393822768e+00
6.180753905166288531e-01 2.423853567392669772e-01 8.604607472558958303e-01
4.604935626256632109e-01 3.853551927472684824e-01 8.458487553729316932e-01
1.855552016302748353e-01 2.599236780808127367e-01 4.454788797110875720e-01
9.000386243298414968e-01 3.212526856616459980e-01 1.221291309991487495e+00
3.308039522361532203e-01 8.574339873207691420e-01 1.188237939556922473e+00
4.740960933996692939e-01 9.909558914137903685e-01 1.465051984813459551e+00
6.814045748806116798e-01 4.602604936946808056e-02 7.274306242500797604e-01
6.518207439662790925e-01 7.730661457489451660e-02 7.291273585411736091e-01
7.294898450011078062e-03 9.516502661087118398e-01 9.589451645587229178e-01
5.950546101531829501e-01 8.276875442153694973e-01 1.422742154368552558e+00
9.837022711008831521e-01 5.298389574968609406e-02 1.036686166850569357e+00
5.224235662821555826e-01 4.553217773589536277e-01 9.777453436411092103e-01
4.769613390341613801e-01 4.681125989313829061e-01 9.450739379655442862e-01
5.406032362672580360e-01 5.117687603992695511e-01 1.052371996666527476e+00
4.255291132003784504e-01 5.114803385224823140e-01 9.370094517228607645e-01
6.275363832774152328e-01 6.134726503134363407e-01 1.241009033590851462e+00
9.752869141854644264e-01 3.951816793681635076e-01 1.370468593553627823e+00
2.893664631341742455e-01 8.975550011892050595e-01 1.186921464323379194e+00
4.443437349485340748e-01 1.328150782703848565e-01 5.771588132189189313e-01
7.812245894429615811e-01 6.260846107909113778e-01 1.407309200233872959e+00
6.109166623765885928e-01 5.796489188999219833e-01 1.190565581276510576e+00
6.707726380673680877e-01 4.816522231786894981e-01 1.152424861246057475e+00
4.177825163390983532e-01 3.332948009331161421e-01 7.510773172722144952e-01
5.948854057895190950e-01 1.283276408863427420e-01 7.232130466758618370e-01
1.380092533284599243e-01 7.133210834478730389e-01 8.513303367763329632e-01
7.459088385217375050e-01 1.670395667446399335e-01 9.129484052663774385e-01
5.621071547577025651e-01 5.109937265346511381e-01 1.073100881292353703e+00
2.776249885811644669e-01 8.026289721711070690e-01 1.080253960752271425e+00
9.924390407761196631e-01 7.753846203997261100e-02 1.069977502816092274e+00
4.793101214476096494e-01 6.411158691692483425e-01 1.120425990616857881e+00
9.229299422725725233e-01 9.328306384922451233e-01 1.855760580764817647e+00
2.517010490975887249e-01 7.259613008152210334e-01 9.776623499128097583e-01
7.621155095978042748e-01 8.004697179894206815e-01 1.562585227587224956e+00
8.589038529394642518e-01 8.319000338251786308e-01 1.690803886764642883e+00
9.441069683393972234e-01 2.944083559187312682e-01 1.238515324258128381e+00
9.757962319119091177e-01 4.037411966931319096e-01 1.379537428605041027e+00
5.299254001255867541e-01 8.231012813600918632e-01 1.353026681485678617e+00
3.687724155935175885e-01 5.806686525845570213e-01 9.494410681780746097e-01
1.779777118627476895e-01 1.768067315972798870e-01 3.547844434600275765e-01
3.998868753216023864e-01 9.891109613309840842e-01 1.388997836652586582e+00
7.266054045836507491e-01 1.480676288776365812e-01 8.746730334612873303e-01
4.500742695267827553e-01 5.181255880274056036e-01 9.681998575541883589e-01
6.133736459156734488e-01 2.777508652192069993e-01 8.911245111348804482e-01
5.909831239928220459e-01 4.290968591006232291e-01 1.020079983093445275e+00
9.904235584414837756e-01 6.260466919325669011e-01 1.616470250374050677e+00
3.288993251398218964e-01 3.466557252057328453e-01 6.755550503455547418e-01
9.815082513392209274e-01 7.476474210407384469e-01 1.729155672379959263e+00
9.295538706227318704e-01 1.986516329189746966e-02 9.494190339146293400e-01
3.759221786511884877e-01 6.235818171995377579e-01 9.995039958507262456e-01
3.243551490955736138e-01 3.310844429235518804e-01 6.554395920191254943e-01
9.066773370810594646e-01 5.803909415839947350e-01 1.487068278665054200e+00
2.454065179019465637e-01 7.132339285556231756e-01 9.586404464575697393e-01
7.130924506959879228e-01 7.633079480100068981e-01 1.476400398705994821e+00
7.576510338620936480e-01 7.910271946107249041e-01 1.548678228472818663e+00
9.349357070061807828e-01 9.102752792699697615e-02 1.025963234933177759e+00
7.567787087295037018e-01 4.278928459645703342e-02 7.995679933259607353e-01
2.663202653337517489e-01 2.073348592461962125e-01 4.736551245799479615e-01
3.251112305271837144e-01 5.083478155847221958e-01 8.334590461119059102e-01
1.537763389002272385e-01 7.689304614527654458e-01 9.227068003529926843e-01
7.219497629508663250e-01 9.294288891519503215e-01 1.651378652102816647e+00
8.334556682247507009e-01 9.958394195898800927e-01 1.829295087814630794e+00
8.962417769899979625e-01 9.930048387426291256e-01 1.889246615732627088e+00
7.332215209492771724e-01 3.193566356474081269e-01 1.052578156596685410e+00
6.283739152826873786e-01 9.070416970867164475e-01 1.535415612369403826e+00
6.411024940404131955e-01 3.486341843081964820e-01 9.897366783486096775e-01
1.478789456731588459e-01 6.630988228797990436e-01 8.109777685529578894e-01
8.261231850996726411e-01 6.335868507964583785e-01 1.459710035896131020e+00
7.055271773309103045e-01 9.885355629268740563e-01 1.694062740257784361e+00
9.211177252279114658e-01 1.524987494203562388e-01 1.073616474648267705e+00
9.972858188317530459e-01 7.149730987744250532e-01 1.712258917606177988e+00
4.899984145749366471e-01 5.797966762510523564e-01 1.069795090825989003e+00
7.999063516701810928e-01 4.300330427259768662e-01 1.229939394396157848e+00
7.273489649258113587e-02 5.393867401748392298e-01 6.121216366674203657e-01
2.049093540095220378e-01 2.880454719288190191e-01 4.929548259383410569e-01
5.386745428387189616e-01 6.152223020018088295e-01 1.153896844840527791e+00
2.927006686743555131e-01 2.175833476129052091e-01 5.102840162872607221e-01
5.472581750810675549e-01 7.313585271806173349e-01 1.278616702261684779e+00
1.479034302517416855e-01 5.394726510001741637e-01 6.873760812519158492e-01
5.964090087488816971e-01 1.061487125290559996e-01 7.025577212779376968e-01
3.274908365564499491e-02 1.084865341074441325e-01 1.412356177630891274e-01
3.613857449591927340e-01 1.862502310609071010e-01 5.476359760200998350e-01
1.924897703857619824e-03 8.384969888519938630e-01 8.404218865558514828e-01
1.703830227909780559e-01 6.880186693138387044e-01 8.584016921048167603e-01
2.077718209773449232e-01 8.265915099767829899e-01 1.034363330954128024e+00
1.377754237584947195e-01 1.582040276901649500e-01 2.959794514486596695e-01
6.387002343041457975e-01 9.614303651826585639e-01 1.600130599486804250e+00
8.070375531098843425e-01 3.658597256035527323e-01 1.172897278713437075e+00
8.217436888632403402e-01 7.186928881755078047e-01 1.540436577038748034e+00
5.274749918413733640e-01 9.211342054847923011e-01 1.448609197326165665e+00
3.846067703986886244e-01 8.699212333624627425e-01 1.254528003761151478e+00
6.353897012300722125e-01 7.172036326493488323e-01 1.352593333879421156e+00
2.346872461409840183e-01 9.809806571033854450e-01 1.215667903244369352e+00
6.871020083066360362e-01 7.895565404975080082e-01 1.476658548804143933e+00
8.175101381527664079e-01 9.531468640794118485e-01 1.770657002232178368e+00
6.649168524018100879e-01 3.089364809204865336e-01 9.738533333222966215e-01
6.476348878528445097e-01 7.781448502124810318e-01 1.425779738065325652e+00
7.289063484755878841e-01 7.243659157898958423e-01 1.453272264265483837e+00
2.175367728496568898e-01 9.796303138769177909e-01 1.197167086726574681e+00
9.878871955449514131e-01 7.144406650484980137e-02 1.059331262049801214e+00
8.409152727038602393e-01 7.275710859784502160e-01 1.568486358682310566e+00
2.339876575673366377e-01 7.812151305151207037e-01 1.015202788082457452e+00
9.880591737588994006e-01 8.379591647694598633e-01 1.826018338528359264e+00
6.909045507958752053e-01 3.335664605250617809e-01 1.024471011320936986e+00
9.264338969408739688e-01 3.908012451626104999e-01 1.317235142103484469e+00
4.377274882245032472e-01 9.505440503627576865e-01 1.388271538587261045e+00
9.241730701081830590e-01 7.001458134414717538e-02 9.941876514523302344e-01
4.732799838310072227e-01 3.624933410694967106e-01 8.357733249005039333e-01
5.470742463217846963e-01 7.824028409165461051e-01 1.329477087238330801e+00
4.252277697535045142e-02 4.239182859798926728e-01 4.664410629552431242e-01
4.874808498571489013e-01 7.005492319550153946e-01 1.188030081812164296e+00
7.817256091074591406e-01 5.127642317973992725e-01 1.294489840904858413e+00
4.660812540996990272e-01 2.977452809090802566e-01 7.638265350087792838e-01
1.959128429118039971e-01 3.131195969592190931e-01 5.090324398710230902e-01
4.417591141342104288e-01 3.187246848616409611e-02 4.736315826203745250e-01
8.573232372599707274e-01 3.327107282429531132e-01 1.190033965502923952e+00
9.911667563501243006e-01 5.262626045132571262e-01 1.517429360863381316e+00
5.593820583302324678e-01 4.831652244059352341e-01 1.042547282736167702e+00
2.318248051936271370e-01 7.149244498548621429e-01 9.467492550484892799e-01
8.902797773754356214e-04 1.283737011016929941e-01 1.292639808790684297e-01
5.596397608745405927e-01 5.006398958535204224e-01 1.060279656728061015e+00
1.324352397952207605e-01 5.547395060974638081e-01 6.871747458926845686e-01
5.207126811446098902e-01 4.437467380632195146e-01 9.644594192078294048e-01
3.435177189386406926e-02 8.560271101108962721e-02 1.199544829049536965e-01
5.975798289491098814e-01 9.804315975425147434e-01 1.578011426491624736e+00
6.475840455596832967e-01 3.736654195257449462e-01 1.021249465085428243e+00
7.228016707396145435e-02 7.423529116721873100e-01 8.146330787461487644e-01
5.882650819651134011e-01 6.987122460914100275e-01 1.286977328056523540e+00
6.802586009415231283e-01 7.690038438305588642e-01 1.449262444772081881e+00
6.130560384005366847e-01 1.813647516098159107e-01 7.944207900103525954e-01
4.917423269694258803e-01 5.763075282103322650e-01 1.068049855179758145e+00
9.281910864907222392e-01 7.860193745998464987e-01 1.714210461090568849e+00
7.426729698414875624e-01 9.679330200375712012e-01 1.710605989879058875e+00
7.638075658149912073e-01 1.704474610179560479e-01 9.342550268329472551e-01
1.173150448531659062e-01 1.424948501869665041e-01 2.598098950401324103e-01
5.292330754602628806e-01 8.317864049263892223e-01 1.361019480386651992e+00
7.059966013724082723e-01 8.583884900045219979e-01 1.564385091376930159e+00
3.426429230290365391e-01 8.531748919105724971e-01 1.195817814939609036e+00
3.359778619528411836e-01 3.600943851263666007e-01 6.960722470792077843e-01
5.169397141654717975e-01 5.704643317385503787e-01 1.087404045904022176e+00
8.852569311315108269e-01 9.640807122734795787e-01 1.849337643404990406e+00
3.219340552514402543e-01 5.803454760351088870e-01 9.022795312865491413e-01
6.201097980711802737e-01 1.250622155283155346e-01 7.451720135994958083e-01
9.389746897914033053e-01 2.262746043010500641e-01 1.165249294092453258e+00
8.152139777045451785e-01 1.552661359111172645e-01 9.704801136156624430e-01
1.259046432926003156e-02 4.187593200250380177e-01 4.313497843542980492e-01
8.036545981177478648e-01 6.188517935616406618e-01 1.422506391679388527e+00
5.725212249316324886e-03 7.034396740649040414e-02 7.606917965580672902e-02
4.273187659722754717e-02 9.588661321943312554e-01 1.001598008791558803e+00
2.076267594419115570e-01 2.087701424531326344e-01 4.163969018950441914e-01
3.411622682235416759e-01 1.421953881794463248e-01 4.833576564029880007e-01
7.082010971156194046e-02 7.152456181207940134e-01 7.860657278323559538e-01
1.858560103143473974e-01 9.453002957832417064e-01 1.131156306097589104e+00
1.986867041110618182e-02 5.172599251411797994e-01 5.371285955522859812e-01
3.908959744980928797e-01 9.031606742537523491e-02 4.812120419234681146e-01
3.287779311148525396e-01 3.770473752966643222e-01 7.058253064115168618e-01
9.223275625787741294e-02 1.207530894293915580e-01 2.129858456872689709e-01
4.761601901653971236e-01 7.870105058464295089e-01 1.263170696011826521e+00
6.515032934301858702e-01 3.316809470455650555e-02 6.846713881347423758e-01
8.127774812803565396e-01 4.898958052628900051e-01 1.302673286543246434e+00
2.943640236685706180e-01 3.901934596561852375e-01 6.845574833247558555e-01
7.752578251827224598e-02 6.000528072696676984e-01 6.775785897879399444e-01
9.994298758256509041e-01 4.574517256440758795e-01 1.456881601469726784e+00
3.080673773446589436e-01 4.860726266514945326e-01 7.941400039961534763e-01
5.614716918516398092e-01 7.103438414753376895e-01 1.271815533326977388e+00
4.660521997860874732e-01 2.827138968776079508e-01 7.487660966636954241e-01
8.319135303608196086e-01 5.604244347697862061e-01 1.392337965130605815e+00
1.773339905234233571e-01 1.573051270299133941e-01 3.346391175533367512e-01
9.530727028668586343e-01 7.541526981315418432e-01 1.707225400998400477e+00
5.607512732901820396e-02 4.348576317840916472e-01 4.909327591131098512e-01
6.531641643133823116e-02 9.009292345270055735e-01 9.662456509583438047e-01
9.674849596440435739e-01 7.568644381625522222e-02 1.043171403460298796e+00
3.977440965308092213e-01 5.438424593636536075e-01 9.415865558944628289e-01
2.164639587189508552e-01 7.502203371734714743e-01 9.666842958924223295e-01
4.343907711150473139e-01 1.455489436467439779e-01 5.799397147617912918e-01
6.401786300444798350e-01 4.978466015446247894e-01 1.138025231589104624e+00
5.974641106661637835e-02 5.601004413445439534e-01 6.198468524111603317e-01
7.916561338096254064e-01 4.913657482945080757e-01 1.283021882104133482e+00
8.441619574900900425e-01 9.091960304621159450e-01 1.753357987952206098e+00
9.452375015908760503e-01 3.745870727107966092e-01 1.319824574301672548e+00
5.721524490407540187e-01 4.438225976533362038e-01 1.015975046694090222e+00
9.159470597686548698e-01 2.224450241100861536e-02 9.381915621796634852e-01
8.509117360625437776e-01 3.501855372493989371e-02 8.859302897874836713e-01
5.643144926616561197e-01 9.138793694681913715e-01 1.478193862129847602e+00
9.186197732002673311e-01 3.847036393510069319e-01 1.303323412551274263e+00
5.122074229692810121e-01 1.301696824092321014e-01 6.423771053785131135e-01
6.126408331041089950e-01 9.118316685707696934e-01 1.524472501674878799e+00
8.549826199986786390e-01 6.290365587421963278e-01 1.484019178740874967e+00
6.692981823551561460e-01 5.958343496853720778e-01 1.265132532040528224e+00
4.917869551313157617e-01 3.188239171556528362e-04 4.921057790484714145e-01
2.263569750487363086e-01 9.507845541654516008e-01 1.177141529214187798e+00
4.322965707750955344e-01 6.621066550922823923e-01 1.094403225867377927e+00
9.886226593515194949e-01 8.301338659940497022e-01 1.818756525345569308e+00
8.058205738262901319e-01 5.238063159438768324e-01 1.329626889770167075e+00
8.023819131859176723e-01 4.528100195580476717e-01 1.255191932743965344e+00
1.252055806990802767e-01 8.500201675483515240e-01 9.752257482474318007e-01
6.507968474206156095e-01 9.564283743651835756e-01 1.607225221785799185e+00
1.531991936224611495e-01 3.239187791444394504e-01 4.771179727669005999e-01
5.768585155846427392e-01 3.677745868165895882e-01 9.446331024012323274e-01
7.746199923217335082e-01 5.943512459729050068e-02 8.340551169190240088e-01
2.621258802840570334e-01 4.425550821710370064e-01 7.046809624550940399e-01
3.327670092343004704e-02 5.237598868541430974e-01 5.570365877775731445e-01
2.705894288872012776e-02 8.096322275680054581e-01 8.366911704567255859e-01
3.048569940470485795e-01 4.510517032184023778e-01 7.559086972654509573e-01
9.047366511515583243e-01 4.519606591020736142e-01 1.356697310253631938e+00
9.914985910282343440e-01 1.032209291662938844e-01 1.094719520194528339e+00
8.366907397800327217e-01 7.502898855547291967e-01 1.586980625334761807e+00
7.641593589101062234e-01 5.078833699874447660e-01 1.272042728897551100e+00
8.318502488838014353e-01 5.324974104490456384e-01 1.364347659332846963e+00
6.263154487522057945e-01 5.667539210947791783e-02 6.829908408616837123e-01
8.394451024108164905e-01 9.797387161644799392e-03 8.492424895724612899e-01
5.874754458411293179e-01 1.079691641093807331e-01 6.954446099505100509e-01
1.092519989847426931e-01 1.646972917468075837e-01 2.739492907315502768e-01
2.954623669041666068e-01 1.428851941914713874e-01 4.383475610956379942e-01
4.820359513536075502e-01 6.739558767854140209e-01 1.155991828139021571e+00
4.791304492453494213e-01 5.362428614653885761e-01 1.015373310710737886e+00
4.925492010150713806e-01 9.206127739099796425e-01 1.413161974925051023e+00
6.798761156981877329e-01 5.496169419211617280e-01 1.229493057619349461e+00
8.761740169689491431e-02 6.158077841479898673e-01 7.034251858448847816e-01
1.574956862282848036e-01 5.532050245102835273e-01 7.107007107385683309e-01
7.887892681413258833e-01 9.029245541853458956e-02 8.790817235598604729e-01
9.651403966160675418e-01 3.323725265422734498e-01 1.297512923158341103e+00
1.251217290144598371e-01 5.781149934121776468e-02 1.829332283556776018e-01
2.843216225863860469e-01 2.015668968584700682e-01 4.858885194448561151e-01
9.413560556207960506e-01 8.995316657464101917e-01 1.840887721367206353e+00
1.495903131016130816e-01 2.363442994498448080e-01 3.859346125514578896e-01
5.585517913928971234e-01 9.206106248349279486e-01 1.479162416227825183e+00
1.181623365617904264e-01 9.505967537364131692e-01 1.068759090298203596e+00
1.818336605744391710e-01 7.479277475418927290e-01 9.297614081163319000e-01
4.313996769901790040e-01 7.918211181843826107e-01 1.223220795174561726e+00
8.230249013341461861e-01 8.803468113916413929e-01 1.703371712725787468e+00
7.267065520410148638e-01 9.698882185834896141e-01 1.696594770624504367e+00
7.757012660126630932e-01 6.317208033503085574e-01 1.407422069362971762e+00
4.989486929620982059e-01 8.453735798913774024e-01 1.344322272853475608e+00
1.347211195037409937e-01 6.790064101062889268e-01 8.137275296100299204e-01
9.710600808462268585e-01 3.401638767364980609e-01 1.311223957582724919e+00
3.231204142318223616e-01 9.105280023750378371e-01 1.233648416606860199e+00
7.064408640620807311e-01 6.382372226762411671e-03 7.128232362888431428e-01
1.420955727290562631e-01 3.916689402675632703e-01 5.337645129966195334e-01
7.524545701149506494e-01 5.169701339984884569e-01 1.269424704113438995e+00
9.009267447429547548e-02 9.906380677341519725e-01 1.080730742208447559e+00
1.418847889143213248e-01 9.150322021587686816e-02 2.333880091301981929e-01
9.117349739953416465e-01 9.117708263264979740e-01 1.823505800321839621e+00
1.356425655311778167e-01 8.313534833819214986e-01 9.669960489130993153e-01
8.457762051355488531e-02 8.903126694995349144e-01 9.748902900130897997e-01
4.868409807338855977e-01 7.011080818946903159e-01 1.187949062628575803e+00
4.841723220000395678e-01 6.159387475886631824e-01 1.100111069588702861e+00
9.959767529745254810e-01 6.340914911608651616e-01 1.630068244135390643e+00
2.133819250697951420e-01 6.890089211159096116e-01 9.023908461857047536e-01
8.963663530093239906e-01 2.714007011894994381e-01 1.167767054198823429e+00
2.465705591406591735e-01 3.679672222689328587e-01 6.145377814095920321e-01
2.526654738416886925e-01 9.720413539636513223e-01 1.224706827805340126e+00
3.550481882260752009e-01 7.020196627228213471e-01 1.057067850948896659e+00
3.969079772515151650e-01 3.153807438691508258e-01 7.122887211206659908e-01
7.623357426665180459e-01 1.691422597345397794e-01 9.314780024010578252e-01
3.121346742526692752e-01 9.881392716427251921e-01 1.300273945895394467e+00
7.833633681140933502e-01 8.403063674152043694e-01 1.623669735529297720e+00
1.273755117772490397e-01 1.539249439368772787e-02 1.427680061709367676e-01
2.632550024635692543e-01 8.524584065170761615e-01 1.115713408980645305e+00
4.538361056833767337e-01 9.856184174483975102e-01 1.439454523131774355e+00
3.439276668457130759e-01 3.338523372824613311e-01 6.777800041281744070e-01
7.144603530871976860e-01 7.841326764725461418e-01 1.498593029559743828e+00
4.175854773785544483e-01 6.293881772551541687e-01 1.046973654633708506e+00
8.427152465491668520e-01 3.129551590581975962e-01 1.155670405607364337e+00
4.872374029022141784e-01 2.406080958947354187e-01 7.278454987969495971e-01
1.684964348251759558e-01 2.867643224458804596e-02 1.971728670697640018e-01
4.141713613619725232e-01 3.360574780823777363e-02 4.477771091702102968e-01
5.100636543568846104e-01 9.823170032030161813e-01 1.492380657559900792e+00
6.083194530092248531e-01 3.977034350161289256e-01 1.006022888025353890e+00
3.076082227459693286e-01 9.252573112439925751e-01 1.232865533989961904e+00
7.256952635534266172e-01 2.364575348021036305e-01 9.621527983555302477e-01
6.122112568516571152e-01 5.619942852370739539e-01 1.174205542088730958e+00
2.881703112300759706e-02 8.583731207907987493e-01 8.871901519138063463e-01
8.840447378260825051e-01 2.370674945039361603e-01 1.121112232330018665e+00
9.418006021606339928e-02 4.663774651960709283e-01 5.605575254121343276e-01
6.053815941236639908e-01 2.669596057357083163e-01 8.723411998593723071e-01
3.963770572529402569e-01 3.618525397449646741e-01 7.582295969979049310e-01
9.363846062907249523e-01 1.349638250845607290e-01 1.071348431375285681e+00
9.392377319544583658e-01 7.908721221888106445e-01 1.730109854143269121e+00
2.251701617103804010e-01 4.625258346510598972e-01 6.876959963614402982e-01
7.128481211535524498e-01 5.080608709715161986e-03 7.179287298632676118e-01
5.629331568546807052e-01 9.964719836865025826e-01 1.559405140541183288e+00
3.030599867891333732e-01 7.552925088676316623e-01 1.058352495656765146e+00
3.379549424333966323e-01 9.275023769882350111e-01 1.265457319421631643e+00
1.392196182411030714e-01 6.645324732714404936e-01 8.037520915125435650e-01
8.037884715167640248e-01 5.874566139009285148e-02 8.625341329068568763e-01
7.980751412217769181e-01 9.885665734233607393e-01 1.786641714645137657e+00
3.470052043599270997e-01 2.302617589960482825e-01 5.772669633559753821e-01
8.325657809284255917e-01 2.079947926028771210e-01 1.040560573531302602e+00
3.784552433466463750e-01 3.928344700204511319e-02 4.177386903486914882e-01
3.653065059240675483e-01 3.676882922633080142e-01 7.329947981873755625e-01
9.585466795367405535e-01 6.112413557422960997e-01 1.569788035279036542e+00
8.180750673319042710e-01 7.326835560290385629e-01 1.550758623360942945e+00
2.597518799936002765e-01 1.792695896065190642e-01 4.390214696001193406e-01
9.872015748602617213e-01 8.108617292170295920e-01 1.798063304077291313e+00
5.585893021487965404e-01 2.372214743104608115e-01 7.958107764592573519e-01
1.746859725714843270e-01 6.691290977115695870e-01 8.438150702830539140e-01
6.752970199139498586e-01 2.143683744985169781e-01 8.896653944124668367e-01
7.794176513521923200e-01 6.086862025177711688e-01 1.388103853869963489e+00
1.412734304785676631e-01 9.192522942825965826e-01 1.060525724761164135e+00
4.992768040228191539e-01 2.600919249232290786e-01 7.593687289460482326e-01
9.797269453170627251e-01 3.696798599813851949e-01 1.349406805298448031e+00
5.149215317962851923e-02 7.917303745853020436e-01 8.432225277649305628e-01
5.389996770509053459e-02 8.997047371257810289e-01 9.536047048308715635e-01
5.267318932898904515e-01 8.510117789110828168e-01 1.377743672200973268e+00
6.861882369287440886e-01 3.150851847277889028e-01 1.001273421656533102e+00
7.820197275849244400e-01 2.118212643609563850e-01 9.938409919458808250e-01
8.796090439722600296e-01 5.516032332239021452e-01 1.431212277196162175e+00
9.433590063263067593e-01 5.788574517487251603e-01 1.522216458075031920e+00
4.175469447306210391e-01 8.884815044485652180e-01 1.306028449179186257e+00
4.343337410712400093e-02 3.644277247021069366e-01 4.078610988092309375e-01
1.536202585240288299e-01 5.881455426837468581e-01 7.417658012077756879e-01
7.244406377062720948e-01 7.282734320320453092e-01 1.452714069738317404e+00
3.960243939201125718e-01 2.851267640292497463e-01 6.811511579493623181e-01
2.343101731718792990e-01 7.192590192518861780e-01 9.535691924237654771e-01
1.717630012677137108e-01 4.839290397833833079e-01 6.556920410510970187e-01
2.231868418310893887e-01 1.101505384416012756e-02 2.342018956752495162e-01
1.311430612800144058e-01 6.084285184109478051e-01 7.395715796909622108e-01
3.138719011478378063e-01 6.100136682388943576e-01 9.238855693867321639e-01
9.137745459958607208e-01 3.629818589593799549e-01 1.276756404955240676e+00
5.655011135434235836e-01 3.754519035936941806e-01 9.409530171371177643e-01
3.153319185563360216e-01 4.300757134241808277e-01 7.454076319805168493e-01
9.618780767483922078e-01 1.974155993739321602e-01 1.159293676122324257e+00
7.655935150555698288e-01 5.072790829585627215e-01 1.272872598014132439e+00
4.354140712259074730e-01 9.988143145590641092e-01 1.434228385784971582e+00
9.991461515477157995e-01 2.717030013541641420e-01 1.270849152901879942e+00
9.846138409176174999e-01 3.788029660578340341e-01 1.363416806975451534e+00
4.461686302866341158e-02 4.269667931136081895e-01 4.715836561422716011e-01
5.638282486397478976e-01 4.341343262253665181e-01 9.979625748651144157e-01
2.209862164946813090e-01 2.314695201367799049e-01 4.524557366314612139e-01
9.446816141260089283e-01 8.316496735454821376e-01 1.776331287671490955e+00
7.791196328213516598e-01 4.299875943078086404e-01 1.209107227129160300e+00
3.063822984626801693e-01 7.461352604614052142e-01 1.052517558924085384e+00
4.778538809617565164e-01 9.395520590588903875e-01 1.417405940020646904e+00
1.524749333770806237e-01 8.513251662676091236e-02 2.376074500038415360e-01
1.143806461355818538e-01 9.411539890656674956e-01 1.055534635201249349e+00
2.453530912003263342e-01 6.908182769929023248e-01 9.361713681932286590e-01
5.746647666380279018e-01 2.959887713940571041e-01 8.706535380320850059e-01
2.722981606598993132e-01 4.458544359839856641e-01 7.181525966438849773e-01
1.944528110506195118e-01 9.917589784423082033e-01 1.186211789492927604e+00
8.278001749569443568e-01 3.015946821138791867e-01 1.129394857070823655e+00
3.241610645317286599e-01 1.578822760035454298e-01 4.820433405352740897e-01
1.838750638996901055e-01 6.532212408511621771e-01 8.370963047508522825e-01
3.147445908601975706e-02 1.837405103658573680e-02 4.984851012260549386e-02
2.347403345852095979e-01 2.266187782669745188e-01 4.613591128521841167e-01
4.558776037520451130e-01 4.998806677289745481e-01 9.557582714810196611e-01
4.696061960704165372e-01 9.685527156210991251e-01 1.438158911691515662e+00
5.382022102989914014e-01 7.104978328933924114e-01 1.248700043192383813e+00
9.530661970282713336e-01 8.927820198285687514e-01 1.845848216856840196e+00
1.982560997805354885e-01 8.086064060238516982e-01 1.006862505804387187e+00
4.748393801807927472e-01 4.481183678405535886e-01 9.229577480213463359e-01
5.358072855770956711e-02 6.108002002025811894e-01 6.643809287602907565e-01
8.355941766960728323e-01 1.166488664155709287e-01 9.522430431116437610e-01
6.925383588734536078e-01 8.677692929509487341e-01 1.560307651824402342e+00
1.206965952892289362e-01 6.457876119669633264e-01 7.664842072561922626e-01
6.071673133978805481e-02 4.317379340982246960e-01 4.924546654380127508e-01
7.258393999026697685e-01 8.627763190280340888e-01 1.588615718930703746e+00
9.780308861591648917e-01 3.971789113661576831e-01 1.375209797525322575e+00
2.657506069455428666e-02 3.352105443866091328e-01 3.617856050811634194e-01
9.804579283034532411e-01 6.019300495491435310e-01 1.582387977852596883e+00
8.146859677242194175e-01 1.071988993961523473e-01 9.218848671203717648e-01
6.982693212395880700e-01 7.983164382871135167e-01 1.496585759526701587e+00
2.122307724434867593e-01 8.196907610284047685e-01 1.031921533471891639e+00
6.076924846180611350e-01 8.012763751577278715e-01 1.408968859775789007e+00
3.515929595157119003e-03 6.941562418239167753e-01 6.976721714190738943e-01
9.941809015956141193e-01 7.159601052659114728e-02 1.065776912122205378e+00
6.217233007230020814e-01 1.404961768086021578e-03 6.231282624910881029e-01
2.865942326160753062e-02 2.155032084648030866e-01 2.441626317264106172e-01
7.943798740079349718e-01 5.766046597260986450e-01 1.370984533734033617e+00
7.377918211058350773e-01 5.843256550556906737e-01 1.322117476161525751e+00
6.307808485300938628e-01 9.182010915438822973e-01 1.548981940073976160e+00
1.849355206772036464e-01 8.327568116678943921e-01 1.017692332345097928e+00
8.780785424306712939e-01 9.186998261169572189e-01 1.796778368547628624e+00
3.430166196573519732e-01 2.921754831716996126e-01 6.351921028290515858e-01
6.397098854559231107e-01 5.931151937696782506e-01 1.232825079225601250e+00
8.940440696381493080e-01 9.054915516359588468e-01 1.799535621274108266e+00
5.896466513925830988e-01 6.885869930381920412e-01 1.278233644430775140e+00
1.501292227335597751e-01 8.350893960469115695e-01 9.852186187804713446e-01
2.404975931290639357e-01 8.119487719599595144e-01 1.052446365089023450e+00
6.255306636796396091e-01 7.904780745622657090e-01 1.416008738241905318e+00
3.345613388398557264e-01 6.995149148092860703e-01 1.034076253649141908e+00
9.889484194506974468e-01 2.522000534146954243e-01 1.241148472865392982e+00
9.399028183240493162e-01 4.107352578066644222e-01 1.350638076130713738e+00
5.032149954823406102e-01 4.843473989242896849e-03 5.080584694715835070e-01
7.701957210348570060e-01 4.894266847634489714e-01 1.259622405798305866e+00
7.033114525376781279e-01 6.285937372196325201e-01 1.331905189757310648e+00
4.455742356388959768e-01 9.906543146749116069e-01 1.436228550313807695e+00
4.510205456409959179e-01 6.042692118389576539e-01 1.055289757479953572e+00
7.425867867430571145e-01 8.762458272636796108e-01 1.618832614006736836e+00
5.315707040676554973e-01 8.593846743523834153e-01 1.390955378420038802e+00
1.281913024311147620e-01 1.575759050226750446e-01 2.857672074537898066e-01
4.574415730035119587e-01 6.334435092241296195e-01 1.090885082227641689e+00
6.951087084302902674e-01 7.882007139335733825e-03 7.029907155696260013e-01
5.434568702070419199e-01 6.433694118609545320e-01 1.186826282067996452e+00
6.225960064208208022e-01 7.080620188389334935e-01 1.330658025259754407e+00
8.360284818749597058e-02 9.439855791668023688e-01 1.027588427354298339e+00
1.678509127190653816e-01 6.589686747521046328e-01 8.268195874711700144e-01
4.903236140617864836e-01 4.402874549734026033e-01 9.306110690351890868e-01
6.222066042217749837e-01 2.329741706291140746e-01 8.551807748508890583e-01
7.719133205099787398e-01 3.396870506321330030e-01 1.111600371142111854e+00
5.223171325391199327e-01 9.986845486361537461e-01 1.521001681175273568e+00
8.540269992807905108e-01 9.451919858208910341e-01 1.799218985101681545e+00
4.092698506992947793e-01 9.459861300929925942e-01 1.355255980792287485e+00
2.680412803863251314e-01 2.435948534169753987e-01 5.116361338033005302e-01
5.635705981257067565e-01 6.637940394281961476e-01 1.227364637553902904e+00
1.904880480830904999e-01 1.306399485158654672e-01 3.211279965989559670e-01
8.696457586948544982e-01 7.771754400193013890e-01 1.646821198714155887e+00
3.207516486807854283e-01 5.995245177402126480e-01 9.202761664209980763e-01
9.695587146627328012e-01 4.102914843846046100e-01 1.379850199047337522e+00
5.723677800233410995e-01 8.762740589989090889e-01 1.448641839022250188e+00
8.779352699027630491e-01 6.897457178000416800e-01 1.567680987702804618e+00
5.638432464489362417e-03 9.449707036770096380e-01 9.506091361414990004e-01
4.194648870040242894e-01 8.236771578261440352e-01 1.243142044830168214e+00
5.034908027292548383e-01 9.299267974235314593e-01 1.433417600152786298e+00
5.030075729540763874e-01 2.603696650422318015e-01 7.633772379963081889e-01
8.658800908299378873e-01 2.910400071831783508e-01 1.156920098013116238e+00
1.297443737175807410e-02 4.157137186950111696e-01 4.286881560667692437e-01
2.528372274305863421e-01 1.561486597012488042e-01 4.089858871318351463e-01
5.778103197654318457e-01 6.916682513430457702e-01 1.269478571108477727e+00
3.953723258762742443e-02 7.688914976237540833e-01 8.084287302113815077e-01
2.168524585357824996e-01 9.967968022149614749e-01 1.213649260750743863e+00
8.805721249378772875e-01 9.755730368954378395e-01 1.856145161833315127e+00
9.861710136096289991e-01 4.385511439992073601e-01 1.424722157608836248e+00
9.504402790381689670e-01 9.465190472076041583e-01 1.896959326245773125e+00
3.947255443912121020e-01 4.197637019013463755e-01 8.144892462925584775e-01
2.759534587208211098e-01 2.932425868146044667e-01 5.691960455354255766e-01
4.855252807121477332e-01 4.445128890773428765e-01 9.300381697894906097e-01
3.254852929621587787e-01 6.194366614970477913e-01 9.449219544592065700e-01
8.986990813010111712e-01 3.232082723817323311e-01 1.221907353682743391e+00
6.715123642470935961e-01 5.171806739612468951e-01 1.188693038208340491e+00
9.296916985994531091e-01 3.516336868699418972e-01 1.281325385469394895e+00
7.941418768167936015e-01 1.294163558838564709e-01 9.235582327006500725e-01
2.537188726974513031e-01 6.599231256082475072e-01 9.136419983056988103e-01
4.186723131783677276e-01 9.838063859635718389e-01 1.402478699141939567e+00
6.810390766353995318e-01 1.991108281402228508e-01 8.801499047756223826e-01
9.537543541619314391e-01 7.724699867776712026e-01 1.726224340939602531e+00
1.049107092061094537e-01 1.937106771028420660e-01 2.986213863089515197e-01
6.373947435067106593e-01 7.530054966770316494e-01 1.390400240183742309e+00
2.223530170406528006e-01 4.441453188748889502e-02 2.667675489281416956e-01
6.723396974667888992e-01 6.692698193848677368e-01 1.341609516851656636e+00
3.071074319145381537e-01 1.695891614093933963e-01 4.766965933239315500e-01
4.442632619562192353e-01 6.012460204536161923e-01 1.045509282409835539e+00
4.179146346472063511e-01 1.230357011829553704e-01 5.409503358301617215e-01
3.945622806557080864e-01 2.626768630433548024e-01 6.572391436990628888e-01
8.097094522754371138e-01 9.528382085561308834e-01 1.762547660831567997e+00
3.274571066472368175e-01 8.955312708247398223e-01 1.222988377471976751e+00
9.209597445234757318e-01 7.852510289193561643e-01 1.706210773442832007e+00
3.228355687040774802e-01 6.622063266545609173e-01 9.850418953586383974e-01
9.259034331380497918e-01 5.158259529517582598e-01 1.441729386089808163e+00
5.091767623322126513e-01 1.722282775739152338e-01 6.814050399061278851e-01
2.940069960809611471e-01 5.042519798475624260e-01 7.982589759285235731e-01
7.294939789497320026e-01 2.838485058978038600e-01 1.013342484847535863e+00
9.095210718693513829e-01 4.957018603315705985e-01 1.405222932200921981e+00
8.707879204998780764e-02 1.568134752101011387e-01 2.438922672600889463e-01
5.785579522465812419e-01 2.294306485989413558e-01 8.079886008455225976e-01
6.389067936627695898e-01 3.795002506925160279e-02 6.768568187320211926e-01
4.805257546212453601e-01 3.874995432157112285e-01 8.680252978369565886e-01
5.823436730392498317e-01 8.627874412342532162e-01 1.445131114273503048e+00
6.077472940555239678e-01 6.002033767974390699e-02 6.677676317352678748e-01
4.764901239348505735e-01 6.946441089930590618e-01 1.171134232927909746e+00
7.609538685106504996e-01 8.992735597059952068e-01 1.660227428216645595e+00
5.002729051096745927e-01 7.376980711190392892e-01 1.237970976228713882e+00
2.070699654622898400e-01 7.063588645981855318e-02 2.777058519221083932e-01
3.285259900127950328e-01 4.442796283197828489e-01 7.728056183325778816e-01
1.021157369656255920e-02 2.726921362471095289e-01 2.829037099436720881e-01
1.213290217946638716e-02 6.244662649411847344e-01 6.365991671206511215e-01
6.582507463026371353e-01 2.947534170061314462e-01 9.530041633087685815e-01
8.744513081958638079e-02 8.374641364947823519e-01 9.249092673143687326e-01
2.123822203011518361e-01 3.518716932244160267e-01 5.642539135255678628e-01
4.854249521364334408e-01 1.695277917565586323e-01 6.549527438929920731e-01
2.164091710057614026e-01 3.018338100696041915e-01 5.182429810753655941e-01
4.217636020234826200e-01 6.400578440457131979e-01 1.061821446069195929e+00
4.126444414778486225e-01 1.927153531107839157e-01 6.053597945886325382e-01
7.193299224972757866e-01 9.894318041652717666e-01 1.708761726662547442e+00
5.542043554482123380e-01 8.368720990689799688e-01 1.391076454517192307e+00
4.954425616300550672e-03 9.697979988902021287e-01 9.747524245065026793e-01
6.875402496173973477e-01 3.241361183797226708e-01 1.011676367997119907e+00
9.013123699380887199e-02 2.057343147237273850e-01 2.958655517175362570e-01
6.070613364398910194e-01 7.474455398032054942e-01 1.354506876243096514e+00
1.842582427472069240e-01 3.084723745850938004e-01 4.927306173323007243e-01
9.135387151239127146e-02 4.850531858058702017e-01 5.764070573182614732e-01
3.807642853515343928e-01 6.222799662934382914e-01 1.003044251644972684e+00
6.278732498157030273e-01 4.099080366112038964e-01 1.037781286426906924e+00
1.094113195808784633e-01 9.075128780949152096e-01 1.016924197675793673e+00
8.984931173386245806e-02 2.392342385303070085e-01 3.290835502641694665e-01
6.686499163937247303e-01 3.484807394634137356e-02 7.034979903400661039e-01
9.883562406295357539e-01 4.651460799318198891e-01 1.453502320561355532e+00
8.230310716284646722e-01 5.463456476325696531e-01 1.369376719261034214e+00
9.177517983951807290e-01 7.547568584612622811e-01 1.672508656856443121e+00
1.974621994041962925e-01 1.878245890659003825e-01 3.852867884700966750e-01
3.050597404566076642e-01 2.510625380957309805e-01 5.561222785523386447e-01
3.697399988100036339e-03 9.380038687938360153e-01 9.417012687819360517e-01
5.665492055618918110e-01 8.211741639336795906e-01 1.387723369495571291e+00
5.771015472044797034e-01 1.257075370142934911e-01 7.028090842187731946e-01
2.678511313903367830e-01 7.307326052079646805e-01 9.985837365983014635e-01
1.238485914778242325e-02 3.728125858761914824e-01 3.851974450239739056e-01
6.361276954789406579e-01 9.723368621447210369e-01 1.608464557623661584e+00
1.393609995501889909e-01 5.728284947100331648e-01 7.121894942602221557e-01
4.668737154570578030e-01 1.936887127308023482e-01 6.605624281878601511e-01
4.483179576786455733e-03 2.493700754728543911e-01 2.538532550496408469e-01
3.676443193568176282e-01 5.830493968586824005e-01 9.506937162155000287e-01
6.785263510141664733e-01 1.189709894341109964e-01 7.974973404482774697e-01
7.580665818736718187e-01 6.108704823931896399e-01 1.368937064266861459e+00
3.972948180128389462e-01 5.463596603069847957e-01 9.436544783198237418e-01
8.574210808211679691e-01 5.707901779952192500e-01 1.428211258816387108e+00
8.767371097132634628e-01 5.657087775240817740e-01 1.442445887237345126e+00
8.980537362093432563e-01 1.496914899022204759e-01 1.047745226111563621e+00
7.755068234160795715e-01 4.489914475608973721e-01 1.224498270976976944e+00
5.927964651551936859e-01 5.678137271519788642e-01 1.160610192307172550e+00
7.889512746556187617e-01 8.906910597186135092e-01 1.679642334374232160e+00
7.160916207065026740e-02 7.727818304018654327e-01 8.443909924725157001e-01
1.541031359216050722e-01 8.227932057418961831e-01 9.768963416635012553e-01
7.323741436887828415e-01 2.249834277674455096e-01 9.573575714562283512e-01
8.187386822114660623e-01 7.164936244167526835e-01 1.535232306628218746e+00
7.162551941144223999e-02 7.906822263350351543e-01 8.623077457464773943e-01
3.009860256724022909e-01 8.693981983240687272e-01 1.170384223996471018e+00
3.317122692567094910e-01 1.264132111044748985e-01 4.581254803611843895e-01
7.757020315023537282e-01 3.221348527448104626e-01 1.097836884247164191e+00
2.748027801495798172e-01 4.624799540234002526e-01 7.372827341729800699e-01
6.968552118746440538e-02 2.687410679641550892e-01 3.384265891516194946e-01
8.306773461840105677e-01 8.807013562331360568e-01 1.711378702417146513e+00
3.874284620310259886e-01 8.596700641873120663e-01 1.247098526218338055e+00
4.796815237701168577e-02 8.738067217611857895e-01 9.217748741381974753e-01
3.295989889806643092e-01 7.207520403041109969e-01 1.050351029284775306e+00
7.338169168331538650e-01 6.433983688563472692e-01 1.377215285689501023e+00
7.643950208833116822e-01 3.797302632304336845e-01 1.144125284113745256e+00
7.714011490898691203e-01 2.878340443850381236e-01 1.059235193474907355e+00
5.078015322540929688e-02 6.113049953813135540e-01 6.620851486067228509e-01
4.300714327363053258e-01 2.110637561998786049e-01 6.411351889361839307e-01
5.390306419650361391e-01 5.974188728604965526e-01 1.136449514825532692e+00
3.378736445654634268e-01 8.479850715405633510e-01 1.185858716106026778e+00
5.117785045995115745e-01 8.339659013176581315e-02 5.951750947312773876e-01
2.411101646822492173e-01 5.888131436802094276e-01 8.299233083624586449e-01
3.708599994636837538e-01 6.934830738471309264e-01 1.064343073310814791e+00
6.930161875243273650e-01 4.603184997975515724e-01 1.153334687321879048e+00
4.489397363809651820e-01 1.913275494121019493e-01 6.402672857930671313e-01
2.609924962021907824e-01 8.882484111531546711e-01 1.149240907355345342e+00
2.722447876911114895e-01 7.666720101295528833e-01 1.038916797820664373e+00
2.952552760427740175e-02 9.395605660049863861e-01 9.690860936092637878e-01
1.700548381267327214e-01 8.708129604878517283e-01 1.040867798614584450e+00
5.211007594225787187e-01 7.198446957414716962e-02 5.930852289967258884e-01
7.812117324635742266e-01 5.797530859339257159e-01 1.360964818397500053e+00
2.682356121567385232e-01 2.029835425488020206e-01 4.712191547055405438e-01
3.087516804235317380e-01 9.275400554359449767e-01 1.236291735859476715e+00
7.395238519335806116e-01 7.099149735034758768e-01 1.449438825437056488e+00
1.452924365851644417e-01 4.522119330608884713e-01 5.975043696460529130e-01
2.688161482512123612e-01 6.121444204751986806e-01 8.809605687264110419e-01
7.026520690497719546e-01 1.218129214254276560e-01 8.244649904751996106e-01
9.089085340354091658e-01 7.282115643328502808e-01 1.637120098368259447e+00
1.036708344530379300e-01 3.421105340601824363e-01 4.457813685132203663e-01
2.284794709031253701e-01 9.175372810880279006e-01 1.146016751991153271e+00
8.130568203808623551e-01 7.581894291349366988e-01 1.571246249515799054e+00
5.771871337100272781e-01 9.624115522787025645e-01 1.539598685988729843e+00
5.236538267888640741e-01 6.515531845485434959e-01 1.175207011337407570e+00
4.777276906455201200e-01 3.065102814675672027e-01 7.842379721130873227e-01
3.024102260486756233e-01 9.366004528538847129e-01 1.239010678902560336e+00
8.322268591207949706e-01 3.551554344444866063e-01 1.187382293565281577e+00
4.359445645492183719e-01 9.028012360176951301e-01 1.338745800566913502e+00
2.755378239851585809e-01 8.174168572616051787e-01 1.092954681246763649e+00
1.986656680981471190e-01 9.981657843092152094e-01 1.196831452407362217e+00
8.363335412546738512e-01 4.852355267657320059e-01 1.321569068020405968e+00
8.987489328662200405e-01 4.038529047771005631e-01 1.302601837643320604e+00
4.869928449115309421e-01 7.304752508122629440e-01 1.217468095723793997e+00
3.652957921313976231e-01 6.632879840153739215e-01 1.028583776146771545e+00
5.226511159941442664e-01 2.094545388670119301e-01 7.321056548611561965e-01
8.598275619350360666e-01 7.075242325381874142e-01 1.567351794473223592e+00
4.677324632572955609e-01 2.447800495017091738e-01 7.125125127590047347e-01
1.220253449122176148e-01 6.501596670934546296e-01 7.721850120056722444e-01
9.782701036941299222e-01 6.826531406493178133e-01 1.660923244343447625e+00
6.467082846566211130e-01 3.470827043573068149e-01 9.937909890139279279e-01
5.300060848211858300e-01 1.432407449602761673e-01 6.732468297814619973e-01
3.901240797810680005e-01 4.950026732865786538e-01 8.851267530676466544e-01
8.068745905455785294e-01 4.553255451293133360e-01 1.262200135674891754e+00
8.670410911524718545e-01 5.024869858829545954e-01 1.369528077035426339e+00
3.713908669996152101e-01 3.389977109003721178e-01 7.103885778999873279e-01
9.450117297497453439e-01 8.129783962405227049e-01 1.757990125990267938e+00
8.213572037011159788e-01 3.320336163910314609e-01 1.153390820092147440e+00
8.671677343566482898e-01 2.994058988981550540e-01 1.166573633254803344e+00
4.132876833257264071e-01 7.674535922536321886e-01 1.180741275579358707e+00
5.683589055165026993e-01 9.735401856637976303e-01 1.541899091180300330e+00
4.189326553231851324e-01 2.780443119072568692e-01 6.969769672304420016e-01
3.409977180240478800e-01 8.384398381330779859e-01 1.179437556157125755e+00
8.068727103216891683e-01 7.902232403064871624e-01 1.597095950628176331e+00
1.823656701233136168e-01 5.260693789212664839e-01 7.084350490445801007e-01
3.645572062999530294e-01 3.396182214689424939e-01 7.041754277688955233e-01
9.834742326347009067e-01 5.921420861484838483e-02 1.042688441249549403e+00
3.028591511046833107e-01 7.306422532649836654e-02 3.759233764311816772e-01
7.442054699214338820e-01 2.288764085578147700e-01 9.730818784792486520e-01
5.793217310039805445e-01 7.450403478026830228e-01 1.324362078806663678e+00
7.870311811143148040e-01 4.178576968846388073e-01 1.204888877998953500e+00
3.539515332052701746e-01 2.549504402224052058e-01 6.089019734276753804e-01
2.129951921405592863e-01 8.709982240065712311e-01 1.083993416147130517e+00
5.653961990776379398e-02 1.798198399413416526e-01 2.363594598491054466e-01
9.498599418972202280e-01 8.124786081486415901e-01 1.762338550045861929e+00
7.445140747972658346e-01 2.861662934881177289e-01 1.030680368285383564e+00
5.297930239253378915e-01 6.681406297974648023e-01 1.197933653722802694e+00
