6.635247635991822213e-01 1.877471902450800201e-01 8.512719538442622413e-01
7.342813305759170461e-01 9.695332129929556952e-02 8.312346518752126157e-01
2.059311018313814134e-01 9.603823404456156565e-01 1.166313442276996959e+00
1.567515859039640969e-01 7.221552389933424410e-01 8.789068248973065378e-01
9.938965667165567952e-01 5.429978063996476756e-03 9.993265447805532720e-01
7.731905663220333125e-01 5.406454157341571420e-01 1.313835982056190455e+00
9.967208169517594030e-02 5.782317051584796586e-01 6.779037868536555989e-01
9.880175132999866605e-01 3.056143978374448178e-02 1.018578953083731253e+00
2.882552830762407092e-01 6.561720749114751117e-01 9.444273579877158209e-01
2.314374566751340456e-01 5.764526727562019337e-01 8.078901294313359793e-01
3.852464929729277898e-01 2.557944373694075457e-01 6.410409303423353355e-01
3.246577671045436375e-02 2.064245038255394515e-01 2.388902805359938153e-01
2.944880348956637750e-01 3.470299310210660515e-01 6.415179659167298265e-01
7.882845557153455029e-01 5.622676651947646764e-01 1.350552220910110179e+00
9.153620947953697851e-01 5.583306973779479376e-01 1.473692792173317834e+00
7.497865014827534980e-01 4.116660849961214508e-01 1.161452586478874949e+00
1.939748905788115652e-01 2.159875130884847394e-02 2.155736418876600391e-01
4.658862160388369533e-01 5.881908956424415358e-01 1.054077111681278378e+00
8.763579564255702392e-01 6.780372482298452352e-01 1.554395204655415474e+00
2.368726935176607151e-01 7.475143703551754282e-01 9.843870638728361433e-01
4.056516431032297643e-02 1.356432849633465443e-01 1.762084492736695207e-01
9.927147579250097387e-01 1.422860017204692351e-01 1.135000759645478974e+00
6.883566425422826818e-02 2.922305437164672837e-01 3.610662079706955518e-01
2.794673639091527217e-02 5.523320685256369877e-01 5.802788049165522599e-01
9.614822992387083156e-01 9.502803473430047054e-01 1.911762646581713021e+00
9.101959923188087664e-01 7.453888876932561747e-01 1.655584880012064941e+00
3.998480698639574893e-01 6.592024078450164914e-01 1.059050477708973981e+00
6.672115691063722487e-01 3.840439246069362600e-01 1.051255493713308509e+00
6.286121797856103477e-02 2.921229454878322418e-01 3.549841634663932766e-01
3.658714853578545201e-01 2.830874479527781817e-01 6.489589333106327018e-01
1.087418029691189503e-02 5.112016549509841301e-01 5.220758352478960251e-01
7.396197626552070137e-02 4.758729389609817062e-01 5.498349152265024076e-01
3.455185830432894178e-01 4.682117554232527734e-01 8.137303384665421913e-01
8.424277951298684286e-01 8.084889902084563262e-01 1.650916785338324644e+00
5.834939003386198086e-01 6.810284407802603690e-01 1.264522341118880178e+00
8.812052512581532993e-01 3.373658555481917620e-01 1.218571106806344950e+00
8.025384276354309288e-01 6.257546309711784494e-01 1.428293058606609378e+00
3.180513370700910336e-01 8.667430512648298668e-01 1.184794388334920789e+00
3.805515934683630919e-01 1.039073008350113181e-01 4.844588943033744100e-01
9.356068051447931078e-01 4.305755525530952088e-02 9.786643604001026286e-01
4.681556466802745398e-01 5.196056094638894507e-01 9.877612561441639905e-01
3.310784559361430457e-01 9.732287943463246993e-01 1.304307250282467745e+00
4.668058597367552576e-02 9.756207084899912729e-01 1.022301294463666910e+00
2.827947108993944525e-02 8.922872278584259575e-01 9.205666989483654028e-01
9.628332098692307106e-01 4.236707433905839704e-01 1.386503953259814681e+00
9.088271345843279558e-01 1.585574533156031141e-01 1.067384587899931070e+00
2.242901210191039496e-01 7.295461043225932585e-01 9.538362253416972081e-01
7.464568485370965956e-01 4.721055074390911876e-02 7.936673992810057143e-01
8.040951819733512806e-01 8.208415535723225798e-01 1.624936735545673860e+00
7.613941319382556694e-01 4.881745059133968390e-03 7.662758769973896378e-01
6.857857668780001914e-01 7.740434400581458485e-01 1.459829206936146040e+00
6.915971514331169523e-01 2.332459545871364837e-01 9.248431060202534360e-01
3.742556109090567906e-01 1.710031555681154058e-01 5.452587664771721965e-01
1.758492158387259252e-02 4.017456917041106745e-02 5.775949075428365997e-02
7.425489586654661078e-01 7.408432002224090152e-01 1.483392158887875123e+00
1.599281367328021508e-01 4.059771622531999080e-01 5.659052989860020588e-01
8.080247954767030283e-01 4.996489519517284261e-01 1.307673747428431454e+00
7.416969158594453049e-01 3.147403662177084005e-01 1.056437282077153705e+00
2.333479909314772893e-02 5.301854978760177639e-01 5.535202969691654928e-01
1.153892610514161143e-01 6.398468756494928300e-01 7.552361367009089443e-01
6.699890909523884552e-01 9.239827349684027746e-01 1.593971825920791119e+00
9.772904260784057717e-01 7.579552639790488877e-01 1.735245690057454659e+00
4.504153446655340121e-01 2.918543764779988336e-01 7.422697211435328457e-01
8.429034374958638276e-01 4.343230292114673707e-01 1.277226466707331198e+00
5.064191693987636356e-01 5.872548096726680766e-01 1.093673979071431823e+00
1.146368844903067341e-02 2.661449499787506001e-01 2.776086384277812735e-01
4.891692014121798993e-01 7.330703008783064911e-01 1.222239502290486390e+00
1.277583014924851268e-01 8.996295094280637450e-02 2.177212524352915013e-01
8.003226637822458134e-02 6.148944836191473362e-01 6.949267499973719175e-01
3.490298231926545203e-01 3.334248810946782715e-02 3.823723113021223474e-01
9.106468080571913370e-01 7.267080364414020277e-01 1.637354844498593476e+00
8.993633939668066457e-01 5.411460870303339554e-01 1.440509480997140601e+00
9.537159566296024016e-01 8.941297266886640838e-01 1.847845683318266374e+00
6.058489038702528084e-01 1.368440116573377274e-02 6.195333050359865812e-01
5.271487331865770676e-01 3.512604650765756009e-01 8.784091982631526685e-01
2.313081079383669802e-01 3.669199064875993122e-01 5.982280144259662924e-01
4.472258403767337409e-01 3.568342448208167150e-01 8.040600851975504559e-01
2.919076088128775837e-01 1.680691396307230079e-01 4.599767484436005915e-01
9.250093556008653906e-02 2.451340030225385158e-01 3.376349385826250549e-01
1.916902135970000032e-02 7.566468822687918427e-01 7.758159036284918431e-01
2.012885349663811052e-01 1.025454339067815024e-01 3.038339688731626076e-01
8.715208207568431176e-01 6.933217843965356897e-01 1.564842605153378807e+00
1.503878593482654846e-01 3.193433278657960006e-01 4.697311872140614852e-01
2.357961440933266095e-01 7.695603838833853239e-01 1.005356527976712044e+00
5.947279718319455899e-01 8.606748959304866275e-02 6.807954614249942527e-01
7.102351768283620137e-01 4.008038318466339289e-01 1.111039008674995943e+00
9.639972453643292916e-01 1.929508553957426376e-01 1.156948100760071929e+00
6.633712446722211942e-01 3.907546175839359259e-01 1.054125862256157120e+00
4.662726945323675265e-01 3.531702239026723866e-02 5.015897169226347652e-01
9.556436847245654009e-01 6.784547761572872204e-01 1.634098460881852510e+00
9.158515677533679566e-01 5.012413767935042230e-01 1.417092944546872069e+00
1.580824475094205761e-01 6.963184409517098050e-02 2.277142916045915566e-01
6.087867667299285968e-01 9.375453285614757659e-01 1.546332095291404363e+00
5.005899405953756487e-01 3.827272525585171392e-01 8.833171931538927879e-01
3.628275912963585537e-01 8.617446330285813971e-01 1.224572224324939951e+00
3.232553337576538066e-02 6.500543796806197427e-01 6.823799130563851234e-01
2.853924222473721573e-01 2.137548969969550461e-01 4.991473192443272033e-01
6.619279209401892627e-01 5.137029444427538838e-01 1.175630865382943036e+00
3.833671002032451591e-01 1.104583075943029735e-01 4.938254077975481326e-01
9.445401470122168908e-01 7.663961379148310771e-01 1.710936284927047968e+00
1.886458247114100040e-01 2.979044347118038338e-01 4.865502594232138378e-01
6.530995999230190252e-01 5.438810181507972574e-01 1.196980618073816283e+00
7.962568600216549664e-01 1.669827186871338798e-01 9.632395787087888461e-01
9.491933998996495703e-01 3.834362890168063753e-02 9.875370288013302078e-01
5.045012719910948462e-01 8.907797262790010384e-01 1.395280998270095996e+00
4.962265214044874195e-01 2.586464231520955170e-01 7.548729445565829366e-01
8.657354162985031465e-01 3.082846594519877970e-01 1.174020075750490832e+00
2.643297645491525794e-01 6.611787925989325299e-01 9.255085571480851092e-01
8.904100584756058367e-01 6.104938569020220696e-01 1.500903915377628017e+00
9.784796047593709023e-01 7.265274365391021227e-01 1.705007041298473025e+00
7.753486784698625511e-01 2.678365813016925223e-02 8.021323366000318034e-01
9.497154084264377572e-01 9.199230741362948160e-01 1.869638482562732573e+00
7.369021360270019416e-01 8.602696436751859910e-01 1.597171779702188044e+00
2.121709313236062044e-01 8.098286805019766499e-01 1.021999611825582743e+00
4.558570863638330417e-01 6.300653364304661386e-01 1.085922422794299180e+00
5.761308801823767922e-01 7.670673954952198503e-01 1.343198275677596643e+00
5.032449954936867309e-01 9.392892604673960255e-01 1.442534255961082756e+00
8.056583087669860754e-01 4.397824195132878922e-01 1.245440728280273968e+00
6.338194606098118689e-01 2.391791333083573834e-01 8.729985939181692522e-01
1.269128829606142039e-01 6.947014482807513103e-01 8.216143312413655142e-01
2.272174770420505308e-01 6.323079551300958556e-02 2.904482725550601163e-01
8.240563246526211305e-02 2.260195858735339902e-01 3.084252183387961033e-01
8.843906726143200281e-01 8.057433897909301868e-01 1.690134062405250326e+00
2.484718828087495446e-02 6.657616456486465939e-01 6.906088339295215484e-01
5.673534350102810153e-01 4.140042767740914620e-02 6.087538626876901615e-01
6.307137569682872424e-01 9.811310657275883473e-01 1.611844822695875479e+00
5.454398224117867899e-01 1.157556326581495876e-01 6.611954550699363775e-01
6.415293350255343308e-01 7.039508103040854614e-01 1.345480145329619681e+00
6.412640105896172393e-01 7.082487279515348177e-02 7.120888833847707211e-01
1.622641548332012240e-01 9.098171544004116651e-01 1.072081309233612778e+00
4.487881126538924015e-01 2.798051361469173770e-01 7.285932488008097785e-01
3.278645876471741882e-02 1.761436333028087997e-01 2.089300920675262185e-01
7.355989098393070913e-01 1.618146512475187038e-01 8.974135610868257951e-01
4.968605901079057308e-01 9.248227708884287912e-01 1.421683360996334411e+00
5.856285379329494445e-01 8.927171501965135425e-01 1.478345688129462987e+00
1.738436498595968827e-01 5.200966146736031304e-01 6.939402645332000130e-01
4.807299125495146930e-01 5.380756736517448013e-01 1.018805586201259494e+00
8.575694392191594018e-01 4.694226332177956484e-01 1.326992072436955050e+00
8.250051122876443932e-01 1.270217545229277434e-01 9.520268668105721366e-01
8.161741412361844805e-02 3.828202836557169642e-01 4.644376977793354122e-01
8.691373194950211545e-01 9.193695900745213478e-01 1.788506909569542502e+00
6.635300321236650145e-01 7.681976969485864171e-01 1.431727729072251432e+00
3.907436768011831596e-01 4.764544181960277403e-01 8.671980949972108998e-01
6.151154884217340246e-01 5.738673895240706813e-01 1.188982877945804706e+00
8.410933260063189199e-01 6.326954212144232370e-01 1.473788747220742046e+00
7.056418611420323117e-01 6.468793777899095598e-01 1.352521238931941872e+00
7.289906131839023473e-01 1.341851439597212536e-01 8.631757571436236010e-01
4.906032890023164228e-01 3.088814461452634719e-01 7.994847351475798947e-01
5.234914529050685994e-01 8.573234458053139440e-01 1.380814898710382543e+00
7.008404708499024194e-01 4.328147989082662406e-01 1.133655269758168771e+00
4.900821165193816054e-01 8.391115114326098690e-01 1.329193627951991363e+00
1.701570216387314760e-01 2.317295433062438459e-01 4.018865649449753219e-01
2.315809426161182794e-01 7.080313716266866120e-01 9.396123142428048913e-01
5.741093975189782705e-01 8.995259837696967242e-02 6.640619958959479430e-01
8.087575732991978406e-01 5.611192850720306824e-01 1.369876858371228412e+00
1.387375012535595475e-01 5.799377331092170351e-01 7.186752343627765827e-01
1.712539210971928405e-01 3.351149785803735348e-01 5.063688996775663753e-01
3.786907674424794257e-01 3.074691878829337588e-01 6.861599553254131845e-01
6.796323636384826727e-01 8.754395798591132483e-01 1.555071943497595921e+00
2.742331245974454212e-01 8.423143535015210626e-01 1.116547478098966373e+00
5.736444333812834584e-01 5.061737333595017763e-02 6.242618067172336360e-01
2.955260312764766972e-01 6.148238407716245524e-01 9.103498720481012496e-01
4.827488864784310607e-01 4.354815385364115832e-01 9.182304250148426439e-01
6.453108735356444248e-01 4.430044042612754085e-01 1.088315277796919833e+00
1.079198035009961698e-01 1.351011079128386916e-01 2.430209114138348614e-01
5.965237731564754231e-01 4.990627678577652659e-02 6.464300499422519497e-01
9.268027829258496109e-02 6.773059904210163573e-01 7.699862687136013184e-01
4.667567729012428446e-01 2.182753071119620802e-01 6.850320800132049248e-01
3.525510172260432062e-01 4.886605442537769184e-01 8.412115614798201246e-01
5.553549965455928383e-02 9.570255722330840431e-01 1.012561071887643216e+00
3.877029707379097134e-01 3.495501873310997709e-01 7.372531580690094843e-01
1.519512735807736492e-01 3.988984895988383350e-01 5.508497631796119842e-01
7.327420232670331934e-01 5.820942431130836647e-01 1.314836266380116747e+00
8.967801795965406608e-01 4.578322295663816988e-01 1.354612409162922360e+00
1.966084914501536884e-01 3.844706425481427825e-01 5.810791339982964709e-01
7.121671924729835457e-01 6.887175819238792185e-01 1.400884774396862653e+00
8.740760637295856839e-01 2.237380875115578815e-01 1.097814151241143676e+00
4.969610126230467051e-01 9.270670115581448600e-01 1.424028024181191565e+00
9.569474588160356010e-01 2.639647622694383244e-01 1.220912221085473925e+00
5.522075274724913552e-01 8.110528213251213536e-01 1.363260348797612709e+00
4.749879055575102482e-01 9.350259731425339949e-01 1.410013878700044243e+00
1.251525274630606033e-01 4.075872246806258037e-01 5.327397521436864070e-01
2.834951314663947119e-01 9.819076795634809063e-01 1.265402811029875618e+00
4.197202764088311389e-01 9.948020045195944405e-01 1.414522280928425690e+00
7.134114181721006309e-01 9.014042491080003217e-01 1.614815667280101064e+00
4.594920451231698788e-02 4.039513816155002601e-01 4.499005861278172480e-01
8.051369587888212997e-03 8.164659909944731453e-01 8.245173605823613583e-01
3.172191733467211172e-02 6.492198189898996663e-01 6.809417363245717780e-01
6.487107868972558089e-01 7.006589943170548063e-01 1.349369781214310615e+00
3.038368719112942706e-01 4.677129235472539115e-01 7.715497954585481821e-01
3.047011580258539576e-01 3.062114190222033905e-01 6.109125770480573481e-01
6.754912869598428404e-01 1.354935364973902656e-01 8.109848234572331060e-01
2.988193457309165080e-01 1.548137429865670267e-02 3.143007200295732106e-01
2.135952779714495042e-01 4.296819039607560065e-01 6.432771819322055107e-01
5.239086267315108403e-01 7.919290020984481870e-01 1.315837628829958916e+00
1.383978196531767679e-01 1.092584341672850901e-01 2.476562538204618580e-01
7.371787474637614412e-01 3.474607441634947058e-01 1.084639491627256147e+00
5.706562612715052607e-01 8.906339833193410715e-01 1.461290244590846221e+00
7.193056320929850367e-01 1.244191764408120182e-02 7.317475497370662385e-01
6.435353262715265421e-01 8.321344288584179294e-01 1.475669755129944472e+00
9.945690850376097680e-01 7.156104860008553059e-01 1.710179571038465074e+00
3.997505588266969667e-02 4.618937041076610628e-01 5.018687599903307595e-01
6.865267296830057653e-01 6.801898481610391123e-01 1.366716577844044878e+00
8.510164122993701952e-02 1.453616026430014641e-01 2.304632438729384836e-01
7.178034647615347819e-01 9.493708173794520588e-01 1.667174282140986730e+00
1.728872596513042481e-01 4.537031939933858782e-01 6.265904536446901263e-01
6.648629346222026948e-01 7.956677078002855064e-01 1.460530642422488201e+00
6.409566090545254502e-01 3.442825059572783841e-01 9.852391150118038343e-01
5.590571059982725188e-01 1.531010513518313854e-01 7.121581573501039042e-01
6.144531464499012330e-01 3.008069045576661216e-01 9.152600510075673546e-01
1.344097907565977579e-01 2.842139999063622025e-01 4.186237906629599603e-01
6.762585099501170482e-01 7.364180586988913202e-01 1.412676568649008368e+00
6.450724178738383996e-01 4.160242582908891817e-01 1.061096676164727581e+00
5.608955934796827636e-01 7.417872330447883300e-01 1.302682826524470983e+00
7.981259646181821932e-01 7.761201945272639957e-01 1.574246159145446189e+00
7.025576240439722620e-01 9.208922137242210315e-01 1.623449837768193404e+00
2.178451044987756990e-01 4.160229055049277092e-01 6.338680100037034082e-01
4.077995232101384593e-01 3.882633926204090979e-01 7.960629158305475572e-01
6.967267259402524227e-01 8.418849385238666994e-01 1.538611664464119233e+00
8.047472209283802469e-01 5.012337279979326432e-01 1.305980948926313001e+00
1.270297998425938824e-01 8.414153219796594030e-01 9.684451218222532853e-01
3.400665351294079874e-01 1.706038178290456564e-01 5.106703529584536438e-01
6.982369571351537685e-01 3.890498763978770258e-01 1.087286833533030794e+00
4.486179323455952161e-02 7.628827019251165353e-01 8.077444951596760570e-01
2.046989634569567063e-01 7.032136990480711836e-01 9.079126625050278898e-01
1.223838512110267951e-01 3.456762064154547121e-01 4.680600576264815071e-01
2.007979565422753909e-01 1.181827087044748925e-01 3.189806652467502834e-01
4.277631688971420543e-01 5.068721664996033160e-01 9.346353353967453703e-01
6.570984672054989151e-01 1.876867285304558708e-01 8.447851957359547859e-01
7.579232464511868050e-01 4.210747591795882538e-01 1.178998005630774948e+00
1.583022857795104432e-01 4.663183097644212349e-01 6.246205955439316782e-01
4.917411393320089141e-01 7.709903847062206106e-01 1.262731524038229525e+00
5.603764721777461100e-01 2.332304785061225516e-01 7.936069506838686616e-01
2.495906502832057061e-01 9.822747966542695330e-01 1.231865446937475239e+00
8.708524056793912616e-01 9.319707960429278737e-01 1.802823201722319135e+00
1.611628781900147356e-01 9.235412805653487878e-01 1.084704158755363412e+00
2.691613436570650109e-04 9.424349825237623435e-01 9.427041438674194085e-01
7.803240236128733409e-01 1.837967408297516148e-01 9.641207644426249557e-01
4.782908791856987918e-02 3.691361427251149685e-02 8.474270219108137603e-02
9.604670851145732380e-01 4.602560086695550723e-01 1.420723093784128199e+00
9.242491526401156454e-01 9.233924736344881756e-01 1.847641626274603821e+00
8.704828532057021784e-01 8.163853389242304859e-01 1.686868192129932664e+00
6.888544124311613004e-01 9.640011554330137900e-01 1.652855567864174979e+00
1.925947252299528012e-01 4.258720886026771124e-01 6.184668138326299136e-01
7.537678853928223566e-01 9.776514998074303797e-03 7.635444003908966604e-01
8.880979365693153493e-02 9.593382419302862729e-01 1.048148035587217919e+00
8.246208831818245821e-01 4.375063768014318955e-01 1.262127259983256478e+00
6.185419332396764336e-01 5.514403610618425766e-01 1.169982294301519010e+00
4.204310123844632319e-01 1.333099565148643251e-01 5.537409688993275569e-01
1.905208413202064133e-02 5.874233981578178554e-01 6.064754822898384967e-01
3.959169593387104058e-01 8.983228466063380990e-01 1.294239805945048616e+00
4.194986233824860022e-03 9.002999447528261534e-01 9.044949309866510134e-01
1.392320098586392607e-01 6.398564226825423917e-01 7.790884325411816524e-01
7.830406065855054498e-01 6.197064907556193436e-01 1.402747097341124682e+00
5.033486270619428327e-01 2.207209564754640807e-01 7.240695835374069134e-01
5.013483782945499234e-01 9.231388505067645855e-01 1.424487228801314398e+00
2.275984978237508560e-01 6.525318084681186459e-01 8.801303062918695019e-01
9.743905540709167923e-01 5.403828222739542886e-01 1.514773376344871192e+00
3.211581040454097868e-01 3.088090112623697037e-01 6.299671153077794905e-01
6.242743115119537833e-01 2.093666928591640941e-01 8.336410043711178774e-01
5.963819134425113466e-01 5.759814497568668257e-01 1.172363363199378172e+00
1.689024095391392644e-01 5.967627090189222550e-01 7.656651185580615193e-01
4.050585829207159483e-01 7.268983378157514164e-01 1.131956920736467254e+00
6.988188634162527668e-01 7.422440706589968906e-01 1.441062934075249657e+00
7.915961681434864339e-01 1.107378565446721641e-01 9.023340246881585980e-01
6.816003259812970505e-01 2.992439609187179661e-01 9.808442869000150166e-01
8.570290573136195578e-01 7.546727256986396348e-02 9.324963298834835213e-01
7.015821791136374053e-01 7.350875562018700515e-01 1.436669735315507346e+00
7.794203852342451722e-01 2.681273405961714928e-01 1.047547725830416665e+00
8.376205988638207867e-02 9.373277372559676301e-01 1.021089797142349820e+00
8.523129003810014925e-02 1.973653430838457901e-01 2.825966331219459393e-01
1.571077384133652277e-01 6.203988723564084484e-01 7.775066107697736761e-01
3.828988896842734357e-01 7.094067519577429426e-01 1.092305641642016489e+00
3.673733009273905115e-02 6.941875269675242821e-01 7.309248570602633333e-01
8.183476774204728743e-01 4.763556961780717192e-01 1.294703373598544704e+00
2.778242644218605895e-01 5.439478572196212447e-01 8.217721216414818342e-01
8.545657416287979480e-01 8.466386263309855220e-01 1.701204367959783470e+00
2.098666607790280469e-01 4.552883962276932373e-01 6.651550570067212842e-01
9.241573893826626751e-03 7.479984732374324041e-01 7.572400471312590309e-01
1.347982991541436526e-01 5.855743277543905556e-01 7.203726269085342082e-01
3.979852355713895395e-01 7.747416363383782256e-01 1.172726871909767876e+00
3.389835731933110718e-02 9.786107755480834003e-01 1.012509132867414507e+00
9.185791231492276276e-01 4.363919917226958267e-01 1.354971114871923454e+00
4.090332299075161160e-01 5.460843467625945413e-01 9.551175766701106573e-01
2.941339677878938019e-01 7.054341237748540383e-01 9.995680915627478402e-01
7.734212959258890407e-02 7.589349111073118159e-02 1.532356207033200857e-01
4.917783653216667439e-02 7.165786007662490187e-01 7.657564372984156931e-01
4.045663866904101180e-01 8.861163625517209930e-01 1.290682749242131111e+00
7.920899266422655183e-01 8.574578757696597053e-01 1.649547802411925224e+00
5.207820826406646120e-01 5.941763175279278775e-01 1.114958400168592600e+00
7.474378558323877542e-01 3.599591393832675124e-01 1.107396995215655267e+00
1.144427205551301618e-03 2.403256874109767072e-01 2.414701146165280088e-01
4.455934092491853349e-02 5.193358112353940736e-02 9.649292204845794085e-02
2.291944263243503865e-01 3.687222684639690495e-01 5.979166947883194361e-01
5.856020231242574647e-01 8.430824314206810666e-01 1.428684454544938642e+00
9.789751078725906774e-01 5.538914859538903723e-01 1.532866593826481161e+00
5.448915069495721131e-01 5.160491598885249553e-01 1.060940666838097179e+00
6.074933163510343181e-01 7.691615035358931873e-01 1.376654819886927505e+00
2.716395408433738279e-01 2.127188262600274715e-01 4.843583671034012994e-01
6.814382787755393078e-01 2.265873899924883972e-01 9.080256687680277050e-01
1.540576421917139172e-01 2.746151094805233672e-01 4.286727516722372844e-01
8.457491400879949550e-01 1.446740126244329128e-01 9.904231527124278678e-01
3.937999265034242136e-02 8.662894806141437920e-01 9.056694732644862134e-01
6.866306115746573235e-01 9.646160490593687076e-01 1.651246660634026142e+00
2.607626582387196912e-01 5.632510099829972638e-01 8.240136682217169550e-01
4.757606723097581591e-01 6.858923917084907007e-01 1.161653064018248749e+00
2.470946538958858074e-01 9.588864885926022819e-01 1.205981142488488089e+00
4.499834912486194716e-01 5.325475214895968312e-01 9.825310127382163028e-01
6.741998595289417917e-01 5.099376764516909688e-01 1.184137535980632761e+00
3.404556465946295685e-01 3.685534754964372439e-01 7.090091220910668124e-01
7.400024681983448094e-01 8.405729978163756222e-01 1.580575466014720432e+00
2.315727756113271640e-01 7.647339307464151581e-01 9.963067063577423221e-01
9.387490864782843669e-02 5.742610662832898782e-01 6.681359749311183149e-01
1.688086427344872575e-01 7.000375157871581155e-01 8.688461585216453731e-01
7.870184237269687300e-01 2.306385915002160392e-01 1.017657015227184658e+00
3.834484997492862979e-01 8.233093589991832273e-01 1.206757858748469525e+00
4.593030624322314015e-01 6.979468456608652893e-01 1.157249908093096691e+00
8.703146251662424726e-01 8.946684066263197455e-01 1.764983031792562329e+00
7.126017180013761720e-01 2.342710564443543086e-01 9.468727744457304807e-01
4.953739235045789835e-01 2.938728400576126054e-01 7.892467635621915889e-01
6.108936263435255087e-01 1.119516411035581527e-04 6.110055779846290669e-01
7.833040128053213591e-01 1.192408101915923835e-01 9.025448229969137426e-01
2.733084285332804120e-01 5.362009851948909001e-01 8.095094137281713120e-01
8.178984260618216151e-01 8.174958777023788592e-01 1.635394303764200474e+00
9.392724146077879865e-01 4.916942032686861808e-01 1.430966617876474167e+00
7.984253364149633825e-01 2.034152400553190798e-02 8.187668604204952905e-01
5.600831711470100061e-01 2.252341982118215569e-01 7.853173693588315629e-01
6.623872646950815790e-01 6.488376881732257351e-01 1.311224952868307314e+00
8.054518205680042398e-01 2.623084742266912350e-01 1.067760294794695586e+00
5.768964851339712929e-01 3.614212988408473937e-01 9.383177839748186866e-01
2.244204754564081972e-01 2.889313530962202003e-01 5.133518285526283975e-01
1.049905911223539823e-01 9.888378247184533842e-01 1.093828415840807367e+00
3.886226980853583202e-01 6.058352829600271994e-01 9.944579810453855195e-01
8.429598238879710825e-01 1.812830527069198006e-02 8.610881291586630626e-01
9.473359266863980999e-01 3.961827125752467316e-01 1.343518639261644942e+00
5.689189429736285497e-03 3.499639103194571721e-01 3.556530997491934576e-01
2.362394260180292749e-01 9.067849291673746315e-02 3.269179189347667380e-01
7.456379416972369611e-01 4.649659237276781987e-02 7.921345340700047810e-01
8.227312903345119777e-01 3.578724379531017519e-02 8.585185341298221529e-01
9.607840941775466215e-01 6.092978833366510250e-01 1.570081977514197646e+00
6.490490067244369943e-02 1.105083367838989306e-01 1.754132374563426300e-01
4.615237230949328362e-01 9.270344394365288565e-01 1.388558162531461804e+00
4.201697675382384256e-01 3.432916848818022837e-01 7.634614524200407093e-01
2.928072088703725928e-01 1.390165888710538367e-01 4.318237977414264295e-01
6.188810445899007862e-01 7.946758018022382908e-01 1.413556846392139077e+00
5.683127805482177664e-01 4.182475681739458162e-01 9.865603487221635826e-01
4.844098824019006377e-01 5.491660858907121412e-01 1.033575968292612668e+00
6.653403594514580854e-01 2.480250213570535101e-01 9.133653808085115955e-01
7.822783645136424102e-01 8.604804234232084070e-01 1.642758787936850817e+00
9.671219852200627631e-01 1.811700571071217514e-02 9.852389909307749383e-01
3.423803948995634006e-01 5.783093758237423110e-02 4.002113324819376317e-01
3.261095804288739464e-01 4.621867544973474740e-01 7.882963349262214203e-01
4.201775883075432594e-01 5.603273730954598797e-01 9.805049614030031391e-01
1.230227613370260542e-02 4.730740177366442589e-01 4.853762938703468643e-01
7.657572763457003440e-01 3.423660291938771527e-01 1.108123305539577608e+00
8.617141448999097175e-01 8.272935159479914979e-01 1.689007660847901215e+00
2.723018049609245983e-01 1.174066933717471395e-01 3.897084983326717378e-01
3.994548362336571845e-01 6.480087636309574961e-01 1.047463599864614681e+00
1.278008981184416415e-01 3.984981488120531434e-02 1.676507129996469558e-01
8.868240481456002300e-02 7.776414878336345149e-01 8.663238926481945379e-01
1.108221306849922483e-01 9.488813387317993620e-01 1.059703469416791499e+00
7.734660912058877180e-03 6.423233297024257826e-01 6.500579906144846598e-01
7.608835018383125481e-01 2.058562814603843716e-01 9.667397832986969197e-01
3.910648095111937117e-01 2.782369951233902849e-01 6.693018046345839966e-01
7.593667452920019878e-01 7.423751048336447722e-01 1.501741850125646760e+00
1.457713584296642662e-01 5.947981547151013348e-01 7.405695131447656010e-01
2.203438864626103832e-01 6.214513827518508560e-02 2.824890247377954688e-01
7.041712654063873034e-01 7.133492846861863024e-01 1.417520550092573606e+00
8.389308340915734297e-01 2.269265328118320602e-01 1.065857366903405490e+00
6.668307387920338059e-01 2.397683625241451288e-01 9.065991013161789347e-01
7.715729922117310347e-01 1.963088242702051289e-01 9.678818164819361636e-01
6.119707164011237710e-01 6.393329923455999264e-01 1.251303708746723586e+00
3.790375468720996732e-02 9.352547005904737754e-01 9.731584552776837427e-01
8.512224584061206523e-01 9.953465977304110091e-02 9.507571181791617532e-01
5.745757072979771340e-01 6.265365068107959790e-01 1.201112214108773113e+00
3.932140216352951745e-01 3.977817118000829266e-01 7.909957334353781011e-01
9.784599166511818158e-01 8.316968567122273726e-01 1.810156773363409188e+00
8.082306058579026287e-01 6.624043585422229041e-01 1.470634964400125533e+00
5.100628500337776039e-01 1.589175310594908019e-01 6.689803810932684058e-01
9.857030569104341389e-02 1.003049135101667932e-01 1.988752192012102071e-01
7.422840573461748637e-01 7.228384363442937888e-01 1.465122493690468541e+00
8.289826456788952358e-01 7.368713679341131195e-01 1.565854013613008355e+00
9.598720389576391732e-01 8.696117414449919814e-01 1.829483780402631155e+00
7.978409175406803167e-01 2.725044382548337252e-01 1.070345355795514042e+00
1.826997002699733974e-01 9.609741766050419187e-01 1.143673876875015427e+00
2.109443267650781273e-01 2.521512701599647466e-01 4.630955969250428739e-01
4.505853384103319925e-01 4.109934503777670223e-01 8.615787887880990148e-01
9.880042900879005829e-01 8.640772230234277096e-01 1.852081513111328182e+00
1.344513940833899079e-01 3.778668654906426339e-01 5.123182595740325418e-01
3.641872573068881680e-01 3.416004738097272453e-01 7.057877311166154133e-01
5.498051761080846589e-01 4.146461537462031721e-01 9.644513298542878310e-01
5.985961570038791368e-01 1.570788812231903586e-01 7.556750382270694955e-01
4.531337685148650873e-02 4.338662736577371115e-01 4.791796505092236202e-01
7.609148251910813343e-02 1.965713315136337069e-01 2.726628140327418404e-01
3.426410393579135683e-01 2.947520583931968474e-01 6.373930977511104157e-01
6.162647983023500364e-01 3.623639858816364301e-01 9.786287841839864665e-01
5.801187411698008889e-01 7.112411925797690326e-01 1.291359933749570033e+00
9.895235337476483428e-01 3.656482824297349055e-01 1.355171816177383359e+00
3.346654932177641761e-01 1.755936159323590040e-02 3.522248548110000765e-01
4.835623449022075082e-02 1.666765046720489751e-01 2.150327391622697260e-01
8.353163400966114871e-01 6.795619778132728772e-01 1.514878317909884364e+00
8.409082350588310550e-01 3.179864739569413512e-01 1.158894709015772406e+00
2.213668604499037240e-01 5.798182730660388362e-01 8.011851335159425602e-01
4.715059388340839819e-01 2.264595149955217490e-02 4.941518903336361568e-01
1.949444564242589495e-01 4.296337544647400586e-01 6.245782108889990081e-01
9.555247060380978041e-02 4.047468294740574901e-01 5.002993000778672705e-01
3.801652653152030048e-01 8.147583382316710976e-01 1.194923603546873991e+00
8.916322588317737718e-01 1.329836518953081415e-01 1.024615910727082024e+00
6.472003551160384616e-01 6.492122759797327447e-01 1.296412631095771317e+00
8.783459200474298401e-01 3.378013863369434544e-01 1.216147306384373294e+00
5.954534507285128564e-01 3.760881819610740751e-01 9.715416326895869314e-01
4.384923703430690933e-01 9.879126566565672452e-01 1.426405026999636227e+00
2.031122073937846606e-01 8.454181196957943900e-01 1.048530327089578940e+00
9.133030047594952183e-01 5.721696626083947468e-01 1.485472667367889965e+00
1.055376535271645988e-02 3.703713339587014763e-01 3.809250993114179362e-01
7.245348466965940704e-01 2.003930383343653920e-01 9.249278850309594624e-01
6.601319075844991335e-01 1.426553122060707501e-01 8.027872197905698837e-01
5.853193000708211136e-01 2.337249012911223334e-01 8.190442013619434469e-01
7.979295705545982331e-01 4.666199115008633491e-01 1.264549482055461471e+00
6.134702655373376334e-01 5.109184316856196784e-01 1.124388697222957312e+00
7.447549517879229475e-01 4.011000464616508721e-01 1.145854998249573820e+00
4.584929401381333536e-01 5.560881192325537459e-01 1.014581059370687210e+00
6.648646397381225981e-01 7.733882118634123337e-01 1.438252851601534932e+00
6.152442590871830541e-01 3.904845781139416605e-01 1.005728837201124826e+00
7.545965302464806568e-01 2.139546479501021059e-01 9.685511781965827627e-01
3.790289246175646554e-01 3.356808355545430889e-01 7.147097601721077442e-01
4.893648891385269373e-01 8.415511648567870484e-01 1.330916053995313986e+00
5.115602056661775476e-01 5.024898938540276472e-01 1.014050099520205084e+00
6.275345748369128840e-01 1.708649886323821976e-01 7.983995634692950816e-01
8.759394092479694249e-01 4.430551073008459628e-01 1.318994516548815277e+00
3.639066455971408098e-01 1.906399194509789119e-01 5.545465650481197217e-01
8.466960899402917740e-01 6.588430279675757673e-01 1.505539117907867652e+00
2.617468371174760389e-01 5.370649640248992274e-02 3.154533335199659616e-01
2.946220311472244058e-01 8.154426738536334485e-01 1.110064705000857854e+00
8.161076250864897075e-01 6.769647899823690862e-01 1.493072415068858794e+00
6.558946335033607467e-01 3.033147320325411123e-01 9.592093655359018589e-01
3.148653698134462608e-02 6.051986498048875784e-01 6.366851867862322045e-01
6.482571446078679855e-01 8.871628789009959881e-01 1.535420023508863974e+00
6.448690241685128832e-02 7.883766218662753289e-01 8.528635242831266172e-01
9.235897757991348156e-01 7.045929835331757873e-01 1.628182759332310603e+00
3.687859025416355685e-01 1.458827374261062459e-01 5.146686399677418144e-01
9.653010365572955997e-02 8.629327309731702478e-01 9.594628346288998078e-01
5.831304413620614913e-01 8.354582954703237974e-01 1.418588736832385289e+00
4.266507186314529854e-01 8.073721487974896416e-01 1.234022867428942627e+00
3.112196079733380305e-01 3.190075111996752977e-01 6.302271191730133282e-01
3.927243952499542834e-01 6.045380222858433017e-01 9.972624175357975851e-01
3.662597596320746884e-01 1.115360255278479151e-01 4.777957851599226036e-01
5.115814724298783922e-03 8.721095775267756478e-01 8.772253922510744317e-01
6.742567900952398663e-01 1.115330788084535341e-01 7.857898689036934003e-01
4.156022405932454644e-01 6.030106700549844323e-01 1.018612910648229786e+00
8.786127488080024417e-01 1.685637135957880339e-01 1.047176462403790476e+00
1.015551205264471069e-01 5.553698338600938644e-01 6.569249543865409713e-01
7.454774893168794048e-01 5.859551480313237581e-01 1.331432637348203052e+00
3.258463102003236189e-01 8.620889888407596846e-01 1.187935299041083415e+00
1.406581876672498010e-01 6.242874393800599275e-01 7.649456270473097286e-01
1.496422193019234514e-01 2.260034722614430169e-01 3.756456915633664684e-01
4.873996636353233880e-01 1.690411341078084106e-01 6.564407977431317986e-01
3.021353043632950541e-01 8.670726997708644301e-01 1.169208004134159484e+00
7.425224188031996908e-01 7.775648239080211743e-01 1.520087242711220865e+00
9.782726094371855252e-01 3.811224484005210078e-01 1.359395057837706533e+00
2.309176309921949777e-01 2.272873597465788764e-01 4.582049907387738541e-01
6.303338884989271307e-01 9.552373711430478531e-01 1.585571259641974873e+00
3.773859116964152216e-01 4.424504490575040805e-01 8.198363607539193021e-01
5.813450640519512991e-01 2.748387258969089419e-01 8.561837899488602410e-01
7.485102435268091714e-01 5.027332506404265100e-01 1.251243494167235681e+00
4.191179611383634152e-01 4.591443856635167853e-01 8.782623468018802004e-01
2.061921943135403001e-02 8.609130501176460726e-01 8.815322695490001026e-01
3.921056765728493376e-01 4.041498155046817642e-01 7.962554920775311018e-01
1.900636011009749771e-01 1.379975479445521014e-01 3.280611490455270784e-01
7.864092952947321358e-03 2.004100893673494976e-01 2.082741823202968190e-01
1.534610318931990403e-01 3.361341850591921254e-01 4.895952169523911657e-01
3.055495882063575808e-01 2.572916925409037825e-01 5.628412807472613633e-01
8.514178646663594918e-02 9.636638296677356719e-01 1.048805616134371732e+00
3.496155939855812855e-01 2.621809394964225159e-01 6.117965334820038015e-01
5.712363616198952165e-01 5.293203710450047339e-01 1.100556732664899950e+00
3.210990939147606582e-01 4.149406373706143736e-01 7.360397312853750318e-01
8.030425639258161885e-01 1.247211135558893291e-01 9.277636774817055176e-01
9.537453931440353916e-02 7.775138524876179513e-02 1.731259245631653343e-01
9.306393299359175808e-01 7.553937112713304813e-01 1.686033041207247951e+00
5.942163654889912605e-01 3.407723682794678854e-01 9.349887337684591460e-01
6.839033716903153426e-02 4.247628027861303224e-01 4.931531399551618566e-01
2.735535456021886969e-01 2.490685336880822387e-01 5.226220792902709356e-01
5.605115833967124761e-01 3.362010707164592160e-01 8.967126541131716921e-01
1.446294296915221489e-01 5.766475753779709557e-02 2.022941872293192445e-01
9.394829834801881052e-01 4.406075086153101728e-01 1.380090492095498167e+00
2.030125224316362553e-01 5.963571855053906301e-01 7.993697079370268854e-01
5.455040448501125017e-02 6.063892048764532028e-01 6.609396093614644530e-01
3.082829196185833398e-01 2.843491365432213591e-01 5.926320561618046989e-01
3.426813326007409621e-01 4.156810558592677340e-01 7.583623884600086962e-01
6.659300819866386112e-01 3.491419740352542656e-01 1.015072056021892877e+00
2.350098855908178130e-02 3.822672329843120886e-01 4.057682215433938699e-01
3.369477892665357910e-01 6.624610291662211825e-01 9.994088184327569735e-01
2.779221507903680832e-01 7.985146245611015603e-01 1.076436775351469644e+00
6.357540713789966436e-02 7.044077294224666552e-01 7.679831365603663196e-01
7.051156018570013950e-01 5.220117385623246342e-01 1.227127340419325918e+00
5.908102803078318921e-02 9.958516334853755314e-01 1.054932661516158721e+00
5.227346111437783938e-01 6.377297523084710651e-01 1.160464363452249348e+00
5.819890626209324180e-01 4.308787386604254754e-01 1.012867801281357893e+00
7.179924412334224293e-01 1.591126682003471959e-01 8.771051094337696252e-01
1.105308418615977839e-01 8.456200233474393535e-01 9.561508652090371374e-01
4.294168113741918535e-01 8.308612015533162198e-01 1.260278012927507962e+00
7.796584392749761339e-01 5.374702620863750502e-01 1.317128701361351073e+00
6.137754860975954685e-01 4.965823969209646194e-01 1.110357883018560088e+00
4.484155998418187794e-01 4.248722773890842852e-01 8.732878772309030646e-01
5.372561968043000347e-01 1.541391087639540913e-01 6.913953055682541260e-01
4.240063525693871238e-01 3.766481238684663557e-01 8.006544764378534795e-01
7.836091719290039226e-02 8.680808468608111061e-01 9.464417640537114984e-01
3.642652312629391931e-01 2.687416068640560152e-01 6.330068381269952082e-01
9.964483773168665293e-01 6.626848696491715041e-01 1.659133246966038033e+00
9.653886861894337423e-01 8.506109991101261647e-01 1.815999685299559907e+00
3.397029787268905920e-01 5.512736325632652257e-01 8.909766112901558177e-01
5.974190939492227681e-01 6.272208790244963028e-01 1.224639972973719182e+00
6.896726508189944260e-01 1.661717992097899721e-01 8.558444500287843981e-01
3.038766827022132411e-02 4.539685927396008847e-02 7.578452754418141257e-02
5.583329119419252473e-01 6.604936336284433773e-01 1.218826545570368625e+00
6.273369587579979978e-01 5.084601525547725043e-01 1.135797111312770502e+00
6.222614521454302716e-01 9.057185911747176466e-01 1.527980043320147807e+00
6.143719750286004144e-01 8.779006151875038411e-01 1.492272590216104255e+00
6.111551170667821609e-01 1.298535991685445534e-02 6.241404769836366162e-01
2.378476213131819339e-01 6.259759603737454770e-01 8.638235816869274108e-01
1.401724416334917400e-01 7.658485288783456468e-01 9.060209705118373869e-01
4.358729254571391820e-01 2.393833686590666199e-01 6.752562941162058019e-01
4.360719256279109723e-01 7.241720291504960549e-02 5.084891285429605778e-01
9.931098064275641901e-01 8.559126649209669591e-02 1.078701072919660886e+00
3.909225235519483421e-01 2.287857324701054740e-01 6.197082560220538161e-01
7.249932145745814349e-01 9.496407662171507669e-01 1.674633980791732313e+00
4.568497429845591595e-01 5.344282136628044633e-01 9.912779566473636228e-01
5.196580816875421283e-01 9.787663133532538140e-01 1.498424395040796053e+00
2.187537979380006492e-01 5.882864462484591606e-01 8.070402441864598098e-01
6.546250028850133518e-01 5.004158358736839896e-01 1.155040838758697230e+00
6.333330138737645054e-01 9.487197369572984984e-01 1.582052750831063115e+00
5.728529988264245976e-01 6.810688501375139481e-02 6.409598838401759924e-01
1.860671134840311547e-01 4.689631636750664079e-01 6.550302771590975626e-01
5.734714866873136252e-02 6.539222937977706707e-01 7.112694424665020332e-01
6.764484411467848179e-01 5.233903528608463418e-02 7.287874764328694521e-01
8.489959733298070299e-01 5.766533525555268547e-01 1.425649325885333774e+00
9.459478126579958790e-01 7.582186142169025089e-01 1.704166426874898388e+00
9.841137257463805632e-01 3.731434159921016569e-01 1.357257141738482220e+00
9.521684967792483079e-01 1.192728841023006359e-01 1.071441380881549055e+00
8.335544476621172816e-01 7.120755446968136670e-01 1.545629992358930949e+00
6.598988232926519260e-01 3.969715876096077123e-01 1.056870410902259749e+00
7.242595694738729328e-03 9.056365661640428666e-01 9.128791618587815959e-01
7.223711532177616856e-01 9.342370590218995741e-02 8.157948591199516430e-01
5.788234667553668888e-01 3.515709023339341766e-02 6.139805569887603065e-01
2.965385031272756988e-01 1.964222585361353746e-01 4.929607616634110734e-01
8.103976771035098503e-01 8.911964973118645661e-01 1.701594174415374416e+00
1.134269672433568799e-01 9.790714703266034658e-02 2.113341142760172264e-01
1.826324232690095251e-01 1.176442126764052354e-01 3.002766359454147604e-01
2.125804550032297513e-01 1.293947542761549885e-01 3.419752092793847398e-01
1.509491986875030056e-01 2.139487121263883296e-02 1.723440699001418386e-01
6.959792908658046784e-02 2.160531133325241937e-01 2.856510424191046615e-01
4.099511450622417286e-02 4.997451216815619324e-01 5.407402361877861052e-01
6.001628089356868534e-01 8.573732407448890758e-01 1.457536049680575818e+00
1.265812249124269595e-01 4.057957849156146324e-01 5.323770098280415919e-01
2.963176114170172903e-01 8.649785380191016282e-01 1.161296149436118919e+00
6.156548817436496845e-01 9.738869835662469221e-01 1.589541865309896718e+00
5.856893708550194866e-01 5.893908919768449106e-01 1.175080262831864397e+00
9.811445971079790773e-02 2.769962165491668404e-02 1.258140813657145918e-01
1.050129481829279454e-01 2.739739434981764976e-01 3.789868916811044430e-01
3.389715987933161756e-02 5.270513966403551631e-01 5.609485565196867807e-01
6.911059465554769687e-01 4.375113942787186572e-01 1.128617340834195737e+00
7.575694346562286130e-01 3.565369035981122980e-01 1.114106338254341022e+00
6.886584627613190346e-02 6.148288493724448633e-01 6.836946956485767668e-01
3.594254796998629375e-01 7.373258710835346452e-01 1.096751350783397694e+00
7.155323209951959251e-01 8.056142487674899932e-01 1.521146569762685807e+00
5.096234973840183535e-01 4.819704735244234595e-02 5.578205447364606995e-01
7.203623557321731097e-01 4.862365562810316844e-01 1.206598912013204794e+00
4.549759690921513222e-01 5.862997984497098081e-02 5.136059489371223030e-01
8.909278590189361191e-01 6.224245480176382461e-02 9.531703138206999437e-01
2.416294597620842755e-01 6.928535793039889423e-01 9.344830390660732178e-01
6.921611982559595644e-01 8.921409934390734930e-01 1.584302191695033057e+00
9.642136056328243221e-01 9.245710392516975906e-01 1.888784644884522024e+00
7.546050692696706363e-01 9.986614533394952975e-01 1.753266522609165934e+00
8.241977155563244839e-01 6.584121332637921098e-01 1.482609848820116483e+00
2.493181641470032517e-01 5.293723348848629051e-01 7.786904990318661568e-01
7.791408257939070880e-01 6.793737030586729508e-01 1.458514528852580039e+00
8.941501751489335792e-01 7.952118434593912211e-01 1.689362018608324689e+00
6.327274334384932475e-01 4.595442092172202786e-01 1.092271642655713526e+00
2.719452315527018937e-01 5.836756337423764096e-01 8.556208652950783033e-01
1.719895062629444027e-01 1.126785888939266789e-01 2.846680951568710816e-01
4.013495423155792885e-01 4.590896135219235674e-03 4.059404384507985242e-01
6.605813250507722723e-01 2.148699514793724896e-01 8.754512765301447619e-01
8.341197730115316178e-01 7.034086810601980488e-01 1.537528454071729556e+00
8.137161515360747943e-01 2.857515644674314403e-01 1.099467716003506235e+00
9.113305285343953344e-01 8.119458766607277056e-01 1.723276405195123040e+00
9.935370547082533754e-01 5.545341040025736357e-01 1.548071158710826900e+00
7.836597522840333951e-01 4.583887939328241679e-01 1.242048546216857563e+00
4.113199585067228714e-01 2.266281631010672593e-01 6.379481216077901307e-01
3.020121093602846640e-01 2.114399484529931872e-01 5.134520578132778512e-01
7.664074757185778131e-01 1.135861305934747767e-01 8.799936063120525898e-01
9.353861896975288470e-01 3.738370476524999209e-02 9.727698944627788391e-01
9.516904457933167416e-01 4.786920311959279584e-01 1.430382476989244811e+00
8.820298160590314129e-01 3.739452298324384971e-01 1.255975045891470021e+00
8.404228817331449441e-02 1.207813491146514373e-02 9.612042308477963815e-02
5.397210770025802073e-01 7.786482741833367083e-01 1.318369351185916916e+00
1.012481759774886969e-01 5.388701158791745494e-01 6.401182918566632463e-01
1.874437714372235719e-01 6.328194599328814673e-01 8.202632313701050393e-01
7.050178210929693989e-01 9.445356918204840246e-01 1.649553512913453535e+00
4.756096941362356612e-01 5.388356125849687039e-01 1.014445306721204254e+00
2.426377828745529541e-01 1.590466806659089904e-01 4.016844635404619446e-01
4.659842434832280889e-01 9.560033313999022342e-01 1.421987574883130323e+00
1.487765510966309046e-01 9.546869727785997073e-01 1.103463523875230612e+00
1.573500480209931718e-01 3.999642211980056761e-01 5.573142692189988479e-01
6.261644721391191881e-01 8.500029320270184874e-01 1.476167404166137676e+00
6.011402382700957725e-01 1.410358600186473188e-01 7.421760982887430913e-01
3.296829186459266925e-01 5.114618389090730410e-02 3.808291025368339966e-01
8.788216269339167441e-01 7.261559181741851221e-01 1.604977545108101866e+00
3.967521280120547278e-01 4.915474457497913674e-01 8.882995737618460952e-01
1.005748249832069119e-01 9.067143242266796355e-01 1.007289149209886547e+00
7.474068389798237400e-01 1.459552737073952500e-01 8.933621126872189899e-01
8.148756661887929242e-01 9.669540998004415577e-01 1.781829765989234371e+00
1.427598551689199802e-01 5.468957223319448335e-01 6.896555775008648137e-01
8.464461752556362573e-01 3.525983609844108857e-01 1.199044536240047254e+00
3.357106974188629467e-01 4.860606118701321643e-01 8.217713092889951110e-01
5.873278988646341015e-01 4.080440250064700791e-01 9.953719238711041806e-01
2.926791405410449354e-01 2.857837598039688620e-01 5.784629003450137974e-01
9.933231596988260081e-01 1.632201203493730546e-01 1.156543280048198952e+00
4.574366260821982610e-02 7.211706470991239293e-01 7.669143097073437554e-01
6.579661965378134081e-01 2.176341345219712231e-03 6.601425378830331203e-01
1.323739764021456544e-01 5.429969029423680205e-01 6.753708793445136749e-01
8.183955081933584896e-01 4.500271282322947375e-01 1.268422636425653227e+00
7.273589807460713041e-01 8.134615008462824370e-01 1.540820481592353630e+00
3.483461667236235071e-01 7.636487450341762351e-01 1.111994911757799631e+00
9.113656754645119706e-01 1.574222420598881955e-01 1.068787917524400166e+00
6.608227113185077828e-01 8.787933072097475762e-02 7.487020420394825404e-01
3.761949908996974345e-01 2.120491252689645778e-01 5.882441161686620124e-01
3.486013937255867390e-01 7.640833952466768997e-01 1.112684788972263750e+00
9.750940951038883364e-01 4.972426100768323476e-02 1.024818356111571571e+00
9.956091500837890296e-01 1.099085208460157670e-01 1.105517670929804908e+00
6.887934122216021748e-01 6.888804597400455254e-02 7.576814581956067274e-01
9.804343238890658174e-01 6.279315306963223486e-01 1.608365854585388277e+00
4.756075121390747062e-01 7.884994119398877066e-01 1.264106924078962413e+00
1.007364734711395649e-01 5.135313553145529619e-01 6.142678287856925268e-01
4.268445945883405646e-01 1.276002251627627038e-01 5.544448197511032683e-01
1.968926691715097155e-01 9.202094913925481512e-01 1.117102160564057867e+00
7.863241221233121525e-01 2.617327270713780685e-01 1.048056849194690221e+00
4.073517725341646578e-02 9.939583341412766559e-01 1.034693511394693122e+00
4.710063338562873181e-01 4.909379279493888415e-01 9.619442618056761596e-01
9.747948404364952246e-01 7.669242185102381759e-01 1.741719058946733512e+00
6.180478658008508042e-01 5.543124981562218556e-01 1.172360363957072771e+00
2.584802006569499877e-01 8.126153697624772798e-01 1.071095570419427379e+00
3.640292923863960306e-01 1.203860435452833721e-01 4.844153359316794027e-01
2.383962781241011353e-01 6.512358216200204719e-01 8.896320997441216072e-01
5.704474198893920711e-01 4.805462132472675396e-01 1.050993633136659611e+00
4.609153918005792772e-02 9.464896253765052725e-01 9.925811645565632002e-01
8.118673090068128095e-01 5.409790583729887636e-01 1.352846367379801684e+00
7.094918946110522207e-01 4.762327845034483031e-01 1.185724679114500635e+00
6.523647855571836907e-01 1.266338194622069757e-01 7.789986050193906664e-01
2.910677749080552434e-01 1.980491051544297498e-02 3.108726854234982184e-01
1.684682250774494072e-01 7.521173032333438035e-01 9.205855283107932108e-01
5.003548874112863087e-01 3.655238650359358132e-01 8.658787524472221220e-01
8.736538598219169005e-01 5.530997056759695552e-01 1.426753565497886456e+00
5.067270550730145207e-01 5.076423720904170711e-01 1.014369427163431592e+00
7.243021668526447021e-01 4.793787016521439126e-01 1.203680868504788615e+00
6.574666673655800153e-01 1.061533612457266074e-02 6.680820034901526761e-01
4.154032767485249522e-01 3.402041137253439818e-01 7.556073904738689340e-01
8.423349653052112362e-01 9.374951137589497829e-01 1.779830079064161019e+00
2.284356622682928162e-01 9.434710952183253951e-01 1.171906757486618211e+00
4.290805610729515607e-01 6.086125825608225126e-01 1.037693143633774184e+00
5.312442220654185476e-01 4.515192492608518515e-01 9.827634713262703992e-01
7.938585129446469324e-01 6.382115183095203870e-01 1.432070031254167208e+00
1.762311076463197734e-01 6.989038540256056198e-01 8.751349616719253932e-01
3.635684464095755297e-01 6.757296669829990776e-01 1.039298113392574496e+00
4.353229134698725078e-01 6.024614528902118016e-01 1.037784366360084309e+00
7.632379626588455812e-01 9.828008937944281431e-01 1.746038856453273613e+00
6.706614897422380484e-01 9.722287589510034689e-01 1.642890248693241517e+00
8.160215079248139824e-01 3.098517620652614379e-01 1.125873269990075531e+00
4.138641948788513991e-01 9.494624719668075530e-01 1.363326666845658952e+00
3.382200205278120819e-01 3.692989246095148559e-01 7.075189451373269378e-01
2.467839928946566896e-01 6.719502703008040090e-02 3.139790199247370905e-01
6.333561006725506592e-01 9.969957894987757641e-01 1.630351890171326534e+00
4.661052531074527661e-01 8.954491597526049729e-01 1.361554412860057628e+00
5.790657877279320465e-01 2.380334589306655202e-01 8.170992466585975667e-01
5.968799584535555702e-01 3.984406674979366070e-01 9.953206259514921772e-01
6.262354966104212162e-01 7.976865181048863329e-01 1.423922014715307549e+00
8.957912361110144106e-01 6.781385036710886327e-01 1.573929739782103043e+00
1.019561574474652232e-01 9.494428562527016391e-01 1.051399013700166751e+00
8.264240356815542032e-01 2.786874346696223137e-01 1.105111470351176628e+00
7.401208204160607540e-01 3.222836556669618213e-01 1.062404476083022686e+00
7.311744725183283444e-01 5.854171638329813687e-01 1.316591636351309713e+00
4.844561934136517589e-01 1.825602932032516224e-01 6.670164866169033813e-01
1.418010219770960978e-01 6.567568690164710121e-01 7.985578909935671099e-01
8.813495724635157513e-01 7.049046201668185407e-02 9.518400344801976054e-01
1.270894728926585948e-02 9.602081430419658892e-01 9.729170903312317487e-01
7.523000930965414446e-01 9.747397622470613809e-01 1.727039855343602825e+00
2.671591358370917213e-03 7.804392307518778216e-01 7.831108221102487388e-01
9.358900584930421873e-01 9.512974097165891596e-01 1.887187468209631458e+00
6.136616287867303621e-01 6.753842091911984591e-01 1.289045837977928821e+00
5.275860308808909549e-01 9.956859484465084842e-01 1.523271979327399439e+00
2.516718572180258739e-01 4.683451604177614191e-01 7.200170176357872931e-01
6.340672407174364755e-01 3.546775469460899943e-01 9.887447876635264699e-01
6.519162502492675815e-01 4.531357826908002373e-01 1.105052032940067708e+00
2.616746860685316145e-01 2.413450291912724310e-01 5.030197152598040455e-01
9.870072642923035655e-01 1.708157435174846306e-01 1.157823007809788196e+00
8.224689283560935316e-01 9.904789614961184707e-02 9.215168245057053786e-01
6.171145723999914567e-01 8.580441455865923661e-01 1.475158717986583934e+00
2.274196628458209357e-01 9.529753269335131671e-01 1.180394989779334214e+00
2.802233536823572901e-01 3.766744849619485525e-01 6.568978386443058426e-01
6.439940820723546455e-01 5.387886335198800447e-01 1.182782715592234801e+00
4.115304486088836589e-01 3.718113585232443175e-01 7.833418071321279763e-01
5.600543001583354608e-01 6.967504332846043980e-01 1.256804733442939970e+00
5.489126263523935734e-02 2.794514352585992789e-01 3.343426978938386362e-01
8.753599077516809324e-01 7.728301617217032682e-01 1.648190069473384201e+00
3.295210251785571920e-01 7.366453339907312881e-01 1.066166359169288480e+00
2.197842483660158441e-01 6.663791502238662900e-01 8.861633985898821342e-01
5.885694754818270313e-01 5.359674160875236293e-01 1.124536891569350772e+00
2.003277589165662897e-01 3.214561551030282738e-01 5.217839140195945635e-01
3.730798763693382591e-01 7.910361912702772447e-01 1.164116067639615615e+00
1.669638068018823862e-01 7.386817940579454289e-01 9.056456008598278151e-01
9.887118123113114443e-01 9.794207635443977766e-01 1.968132575855709110e+00
2.760116061589110714e-01 1.216102501562732474e-02 2.881726311745383962e-01
9.794977973047004349e-01 4.352431277882525817e-01 1.414740925092953017e+00
9.894526065909355905e-01 6.244935058107240478e-01 1.613946112401659638e+00
2.652875656751217948e-01 4.378695535878887046e-01 7.031571192630104994e-01
7.626545603829353315e-01 9.508313848689423642e-01 1.713485945251877585e+00
4.057676979851233545e-01 9.796878045742662966e-02 5.037364784425499842e-01
4.235383597970380221e-01 5.363970660578730731e-01 9.599354258549110952e-01
3.998244801499433176e-01 2.012790645616612251e-01 6.011035447116045427e-01
6.947715253636195243e-01 2.612117371827323842e-01 9.559832625463519085e-01
2.636105081708269848e-01 6.344606279192697151e-01 8.980711360900967000e-01
9.483253136272898898e-01 9.066389824534291098e-01 1.854964296080718889e+00
5.357420656978839624e-02 4.066156150686690562e-01 4.601898216384574525e-01
7.078615026438489499e-01 2.727911133658679210e-01 9.806526160097168709e-01
1.354967475742011596e-01 5.171275790649162429e-01 6.526243266391174025e-01
3.424363582552595320e-01 8.589560994987548437e-01 1.201392457754014487e+00
8.782831244907562951e-01 4.931479952067809869e-01 1.371431119697537282e+00
5.145144831345351832e-01 9.079972765880715002e-01 1.422511759722606683e+00
6.303467352258218526e-02 1.457475871410977009e-01 2.087822606636798861e-01
2.970328582930925609e-01 3.787766813335046168e-01 6.758095396265971777e-01
7.715743891239069674e-01 1.012126031003790505e-02 7.816956494339448724e-01
3.271679986521511818e-01 9.507619829103068909e-01 1.277929981562458073e+00
4.419537253718740510e-01 1.095887404014460609e-01 5.515424657733201119e-01
5.873766891729259587e-02 5.242198921563442360e-01 5.829575610736368318e-01
5.643258288161460134e-01 9.375533145753967013e-02 6.580811602736856836e-01
4.515810056408624540e-01 1.869145656023221136e-01 6.384955712431845676e-01
5.671258360110478236e-01 1.483794556217872262e-01 7.155052916328350499e-01
8.108796254720705976e-01 1.697918943634645350e-01 9.806715198355351326e-01
8.723099484025231831e-02 9.158932775765598056e-01 1.003124272416812124e+00
6.438033783291906564e-01 1.332841007701424108e-02 6.571317884062048975e-01
6.752081304716173182e-01 3.107827331657253556e-01 9.859908636373426738e-01
4.425269284756757626e-01 2.537168546821799708e-01 6.962437831578557335e-01
2.876503980829673290e-01 7.001777165969754746e-01 9.878281146799428036e-01
9.113804929292462775e-01 8.062833031233203052e-01 1.717663796052566472e+00
7.776470399723681703e-01 4.033996464531643955e-01 1.181046686425532677e+00
4.938970996011529113e-01 6.267258536444598738e-01 1.120622953245612674e+00
3.415728441919674285e-02 6.753500267364695997e-01 7.095073111556663426e-01
3.847293876011270708e-02 2.977524777983152626e-01 3.362254165584279697e-01
1.047398576231927114e-01 8.957038845996507792e-01 1.000443742222843380e+00
7.784808480273806008e-01 2.917585654358717528e-01 1.070239413463252465e+00
7.529197636936750815e-01 6.616700326495339457e-01 1.414589796343209027e+00
1.239391136676255556e-01 8.431504979482806750e-01 9.670896116159062306e-01
1.408392516362552138e-01 6.370868135234435403e-01 7.779260651596987541e-01
2.608943513373467304e-01 8.421100433333905677e-02 3.451053556706857872e-01
5.180433594535980291e-01 7.066824309443624497e-01 1.224725790397960479e+00
4.049647865913805767e-01 9.209383222636953192e-01 1.325903108855075896e+00
4.720104474768835878e-01 1.898898912155451146e-01 6.619003386924287025e-01
1.075217702248147944e-01 9.840115966287722449e-01 1.091533366853587150e+00
7.709458251634963011e-01 8.947996013900813006e-01 1.665745426553577602e+00
1.481127610320343013e-02 5.913404603925758174e-01 6.061517364957792475e-01
5.600419035204036167e-01 3.591190571829753209e-01 9.191609607033789375e-01
3.326739212608775809e-02 7.291043183825868246e-01 7.623717105086745827e-01
6.848838418105177572e-01 2.613153443832798573e-01 9.461991861937976145e-01
8.059956171681080805e-01 2.782440471459027842e-01 1.084239664314010865e+00
3.242456679180480972e-01 8.154392894045835449e-01 1.139684957322631753e+00
9.934315146193175572e-01 9.056649101629283827e-01 1.899096424782245940e+00
7.584431756522570511e-01 4.334546547604223310e-01 1.191897830412679493e+00
6.283179203902433674e-02 3.016985286884552586e-01 3.645303207274795954e-01
8.574856951963004681e-01 8.059229691276684759e-01 1.663408664323968944e+00
1.673605350927064306e-01 2.838792483132301925e-02 1.957484599240294498e-01
4.467257816381581259e-01 2.243233118106876534e-01 6.710490934488457793e-01
8.425130974104846349e-01 8.154282272574343571e-01 1.657941324667918881e+00
7.646460262191762114e-01 1.478411260870283739e-01 9.124871523062045853e-01
1.534509872830844834e-01 9.521926906874940144e-01 1.105643677970578498e+00
6.974906295670862955e-01 9.233978173995982530e-01 1.620888446966684437e+00
5.043343221125898834e-01 8.685578838654671729e-01 1.372892205978057056e+00
5.535070520380452885e-01 6.012557147315441552e-01 1.154762766769589444e+00
6.189510368386198502e-01 1.541956966178301691e-01 7.731467334564500193e-01
4.312218828867537823e-01 7.898536117647407817e-01 1.221075494651494564e+00
7.524513539449964039e-01 2.016310998410516531e-01 9.540824537860480570e-01
6.452055223605631662e-01 7.026255228723194968e-01 1.347831045232882552e+00
1.142814209034334061e-01 7.770826930861908233e-01 8.913641139896242294e-01
5.827782101307528162e-01 1.145189144686821203e-01 6.972971245994349365e-01
3.565656623161128636e-01 6.167617764249563317e-01 9.733274387410691952e-01
6.893842773419485148e-01 7.453892172505046654e-01 1.434773494592453069e+00
5.256944909421445988e-01 4.433471382636448022e-01 9.690416292057894010e-01
1.433119464398571186e-01 9.647110313863885844e-01 1.108022977826245814e+00
3.737409400281778149e-01 4.246725418592056656e-03 3.779876654467698716e-01
1.923190477142885380e-01 1.332253606919604483e-01 3.255444084062489862e-01
9.350328782573295028e-01 8.943648539129415154e-01 1.829397732170271018e+00
1.718583751750801802e-01 5.629300506906921298e-01 7.347884258657723100e-01
1.290835124764692088e-01 7.204131742031237851e-01 8.494966866795929938e-01
7.182078257304769231e-03 2.414736118953395572e-01 2.486556901526443264e-01
9.991428497694363475e-01 7.941229490370010913e-01 1.793265798806437328e+00
6.015256331012684976e-01 8.556263738177558587e-01 1.457152006919024245e+00
7.197026641155827020e-01 3.777077160657216215e-02 7.574734357221548642e-01
5.597834737762317214e-01 5.578848680550696493e-02 6.155719605817386864e-01
7.320822890610034772e-02 3.953070252344383917e-01 4.685152541405387394e-01
2.262222206318349471e-01 9.554053564689534150e-01 1.181627577100788251e+00
6.497702131756427635e-01 5.899508793058760858e-01 1.239721092481518738e+00
6.412714522081460755e-01 4.644121207104326965e-01 1.105683572918578772e+00
7.447341533384960188e-01 4.747890840112206634e-01 1.219523237349716682e+00
6.754592265461691891e-01 6.644421017203616664e-01 1.339901328266530856e+00
4.946249379516182154e-01 2.400021212632225120e-01 7.346270592148407275e-01
2.838592468231113664e-01 3.482807341156836101e-01 6.321399809387949764e-01
4.123630561398661243e-02 7.062290404642546093e-01 7.474653460782412218e-01
5.620920842130562312e-01 7.371274855728200404e-01 1.299219569785876160e+00
9.210448333583650671e-01 9.819672901599797443e-01 1.903012123518344811e+00
1.892638377002437977e-01 3.509561762830570864e-01 5.402200139833008841e-01
1.779516555965093838e-01 4.066823730012795179e-01 5.846340285977889017e-01
2.131263462590093916e-01 5.881577596531266661e-01 8.012841059121360576e-01
3.617578248164011745e-01 6.902159270871655039e-01 1.051973751903566789e+00
6.644140020165190119e-02 8.559496050171482295e-01 9.223910052188001307e-01
1.137870657255743989e-01 8.632101314623451538e-01 9.769971971879195527e-01
2.172186681019108168e-01 3.737809820715611853e-01 5.909996501734720020e-01
3.145957940279909826e-01 8.272994924178159737e-01 1.141895286445806956e+00
6.985328448371528332e-01 9.521369236406794778e-01 1.650669768477832200e+00
2.336883531912604672e-01 7.270193358877349299e-01 9.607076890789953971e-01
1.333317932567856801e-03 7.175110996851519207e-02 7.308442790108304887e-02
2.048162167848548432e-01 1.533946295731579701e-01 3.582108463580128133e-01
7.135754763304508197e-01 5.459191478258927921e-01 1.259494624156343612e+00
1.617169972505492215e-01 5.940770466642800729e-01 7.557940439148292944e-01
8.474455515899381730e-02 8.242743464040060974e-01 9.090189015629999147e-01
3.610986377784962675e-01 4.380509711784005278e-01 7.991496089568967953e-01
4.157110330643274398e-01 1.841388199989649754e-01 5.998498530632924153e-01
8.417784053256482935e-02 4.164822702928838716e-03 8.834266323549366806e-02
7.466799274113660179e-01 5.534324270504803467e-01 1.300112354461846476e+00
8.386770728968961919e-01 7.717590749952926155e-01 1.610436147892188696e+00
2.301394178889725195e-01 5.483889102371308777e-01 7.785283281261033972e-01
3.249709847354608216e-01 8.645460901773982521e-02 4.114255937532006469e-01
1.965581467075964150e-01 3.106101445376834302e-01 5.071682912452798453e-01
5.791373294603654465e-01 9.840945635576947570e-02 6.775467858161349222e-01
4.170714129879352638e-01 2.214796918547532467e-01 6.385511048426885106e-01
5.770428309640595055e-01 1.634316347648160361e-01 7.404744657288755416e-01
3.203074781109298552e-01 6.962271864261270204e-01 1.016534664537056987e+00
6.949854239031248992e-01 1.680888859950174785e-01 8.630743098981423778e-01
2.037720871255308541e-01 1.150868697851417100e-01 3.188589569106725641e-01
9.696064840000651053e-01 7.393699228465896445e-01 1.708976406846654861e+00
3.448714178680497566e-01 9.013700057311735403e-02 4.350084184411671107e-01
2.335771991541403247e-01 7.304007253043365289e-02 3.066172716845739776e-01
6.492243821714887009e-01 5.987564994647609495e-02 7.091000321179647958e-01
1.073238369088099775e-01 9.131443204428166815e-01 1.020468157351626548e+00
9.375889325789689144e-01 8.743309885870894638e-01 1.811919921166058378e+00
8.252096859460567035e-01 4.919757570654755829e-01 1.317185443011532175e+00
4.476442034190287744e-01 4.308676607994780250e-01 8.785118642185067994e-01
6.535775614206721373e-01 1.009520793178234621e-01 7.545296407384955995e-01
9.005760172606587233e-01 1.165516665035649657e-01 1.017127683764223800e+00
6.588103682274032424e-01 7.084825984670080068e-01 1.367292966694411138e+00
2.930296115872366158e-01 3.765853106794945226e-01 6.696149222667311385e-01
5.949146125882198710e-02 6.516581078361632917e-01 7.111495690949852788e-01
3.987648400768496471e-01 4.306754982657284847e-01 8.294403383425781318e-01
3.499579037624864775e-01 6.031244749760066304e-01 9.530823787384931078e-01
2.973887685815628235e-01 3.862952614251514705e-01 6.836840300067142939e-01
9.264444641153590787e-02 4.194022526284708619e-01 5.120466990400067697e-01
3.572785309061553560e-01 1.808697933600862395e-01 5.381483242662415956e-01
9.220710567502725663e-01 2.858170992237932806e-01 1.207888155974065736e+00
5.686533769650659043e-02 2.126454278906770856e-01 2.695107655871836760e-01
1.807966255962034641e-02 9.200049877437075363e-01 9.380846503033278827e-01
8.133697607521306328e-01 5.744766141504675794e-02 8.708174221671773907e-01
8.309633257677685458e-01 3.117583847603165870e-01 1.142721710528085133e+00
4.928268056009589282e-01 6.027758171577995983e-01 1.095602622758758526e+00
9.003355680701898844e-01 8.707035591489320492e-01 1.771039127219121934e+00
4.974734864957435221e-01 2.017883652550591655e-01 6.992618517508026876e-01
3.062587686176497792e-01 1.999895276843003389e-01 5.062482963019501181e-01
6.094851112106669522e-02 8.986254630578077718e-01 9.595739741788744670e-01
1.626661236615258854e-01 9.703192452579035843e-01 1.132985368919429359e+00
3.839644876937384765e-01 3.180680897526809714e-01 7.020325774464194479e-01
9.876469956745747014e-01 9.767010979307577667e-02 1.085317105467650478e+00
6.923258318136213951e-01 3.095423352590016552e-01 1.001868167072623050e+00
5.456086403543670693e-01 5.761771328977672857e-01 1.121785773252134355e+00
4.016245579326055415e-01 1.188748766867522288e-01 5.204994346193577703e-01
3.430834252645259541e-01 1.847616184833086317e-01 5.278450437478345858e-01
7.547894482429770013e-01 6.908921103536208586e-01 1.445681558596597860e+00
6.832148292768160935e-01 5.020135937819857341e-01 1.185228423058801717e+00
2.495908809187642463e-01 3.018370174665371275e-01 5.514278983853013738e-01
2.456122139952126027e-01 6.471864099448820795e-01 8.927986239400946822e-01
9.607687733429093324e-01 3.776900072201772041e-03 9.645456734151111045e-01
8.935512838599871666e-01 8.060689883318734594e-01 1.699620272191860515e+00
9.059344216496294511e-01 8.584347822164705155e-01 1.764369203866099856e+00
5.409053333739101133e-01 4.775563219661990155e-01 1.018461655340109129e+00
4.468634181770324565e-01 1.034564879732968734e-03 4.478979830567654252e-01
7.731159998321823767e-01 3.881990312613133876e-01 1.161315031093495875e+00
4.903091184172798656e-01 2.262407264752355207e-01 7.165498448925153863e-01
2.389292518478488558e-01 1.427337539416803081e-01 3.816630057895291639e-01
5.429360811022312383e-01 8.419846903239196489e-01 1.384920771426150887e+00
2.907846779704750251e-01 8.944735250992082998e-01 1.185258203069683436e+00
2.375848738709737118e-01 6.332815942817121568e-01 8.708664681526858686e-01
4.335659284358639454e-01 8.636361349547055921e-01 1.297202063390569649e+00
9.836769509816666313e-01 7.240424037300972060e-01 1.707719354711763948e+00
2.429945107020281547e-01 1.733906639836018115e-01 4.163851746856299663e-01
4.154777519672980812e-01 1.919694963067742899e-01 6.074472482740723711e-01
6.888283865070338186e-01 2.938027895451376104e-01 9.826311760521714289e-01
3.844762318107703969e-01 8.745581069097295712e-01 1.259034338720499857e+00
7.238708003753240305e-01 9.937866155332223395e-01 1.717657415908546259e+00
9.344253339362474930e-01 3.943658924734814164e-01 1.328791226409729020e+00
9.041151817434706084e-01 6.444452676694312210e-01 1.548560449412901718e+00
2.880783960008188593e-01 3.414234921125788302e-01 6.295018881133976896e-01
4.122978043549353488e-01 2.510877640193203142e-01 6.633855683742556630e-01
6.096669235683369603e-01 5.017175986641334573e-01 1.111384522232470307e+00
8.704525844292888559e-01 4.344411554363161176e-01 1.304893739865605085e+00
3.384929303860562122e-01 1.371392060192992979e-01 4.756321364053555101e-01
2.652010357104880311e-01 5.805427738377350044e-01 8.457438095482230356e-01
8.000109574161388126e-01 9.703069418354391962e-01 1.770317899251578009e+00
1.473438876643424766e-01 5.223603171233942577e-01 6.697042047877367343e-01
8.751466174789677144e-01 9.022269461043295191e-01 1.777373563583297233e+00
8.231063143739816290e-01 4.476177988696878884e-01 1.270724113243669517e+00
9.084925423715235482e-01 8.745587532949601339e-01 1.783051295666483682e+00
5.922769610905795901e-01 8.195773846374114768e-01 1.411854345727991067e+00
7.797510587562189732e-01 9.752031390511829434e-01 1.754954197807401917e+00
2.499289275879207350e-01 2.230876941376269684e-01 4.730166217255477035e-01
8.757134973510914966e-01 9.503186051668589540e-01 1.826032102517950451e+00
7.832221874762723690e-01 9.407435609656977782e-02 8.772965435728421468e-01
2.269556756111053009e-01 4.808359340960688399e-01 7.077916097071741408e-01
3.619084721689966866e-01 5.915607192028160544e-01 9.534691913718127410e-01
3.192283978197575367e-01 8.795575933173588323e-01 1.198785991137116369e+00
1.929370664753012887e-01 3.771105748810855696e-01 5.700476413563868583e-01
6.782003145990183057e-01 2.784953847550625250e-01 9.566956993540808307e-01
9.709131460307358630e-01 6.541987855462887413e-01 1.625111931577024604e+00
7.849681199092417572e-02 4.133552585284253622e-01 4.918520705193495379e-01
9.565155701957936962e-01 3.523650754608960156e-01 1.308880645656689712e+00
9.147069765358125659e-01 6.149864290841177139e-01 1.529693405619930280e+00
8.616051207937334144e-01 5.453827110664871691e-01 1.406987831860220695e+00
8.576077425609474059e-01 8.142578680887513354e-01 1.671865610649698741e+00
2.328594916319337571e-02 4.046177540301082454e-01 4.279037031933016211e-01
6.149461270404473767e-01 5.777920330472076094e-01 1.192738160087654986e+00
7.573058366885503379e-01 2.619447173852449406e-01 1.019250554073795278e+00
3.919862886837992555e-01 6.326298780004215860e-01 1.024616166684220842e+00
7.886685179027064230e-02 9.976887107103403762e-01 1.076555562500610908e+00
4.348277763763744863e-01 2.901235542764477593e-01 7.249513306528222456e-01
2.339116155900657912e-01 6.941936910956952866e-01 9.281053066857610778e-01
1.145960413113386034e-01 4.312094151645748941e-01 5.458054564759134974e-01
5.713202766331492155e-01 1.031112127643851739e-02 5.816313979095877329e-01
1.720608603157834926e-01 6.352271484014848646e-02 2.355835751559319791e-01
8.542036803354823293e-01 2.082095563517283310e-02 8.750246359706551624e-01
7.978975981645408666e-01 4.670728639969280449e-01 1.264970462161469023e+00
8.209333237260130200e-01 5.609308032931881183e-01 1.381864127019201138e+00
5.471119319072963449e-01 4.098136722505958396e-01 9.569256041578921845e-01
9.325780577489426459e-01 9.242128707602863535e-01 1.856790928509228999e+00
8.766886889175172781e-01 8.369861932093214385e-03 8.850585508496104925e-01
9.830245205515442120e-01 4.043842684615324146e-01 1.387408789013076627e+00
6.846556106792150986e-01 1.673108650197125957e-01 8.519664756989276944e-01
1.660479833760764024e-01 8.084813332166260746e-01 9.745293165927024770e-01
5.643248797837767672e-01 3.194638154067903635e-01 8.837886951905671307e-01
8.048644084198782744e-01 3.791347078377549362e-02 8.427778792036537681e-01
4.155919740619389291e-01 9.905544625050880514e-01 1.406146436567027092e+00
7.947132384274417927e-01 1.082546774212956864e-01 9.029679158487374790e-01
9.462434368244603267e-01 1.528320594902724538e-01 1.099075496314732892e+00
5.528521015068267319e-01 8.988482724472487417e-01 1.451700373954075474e+00
7.717722133518902794e-01 9.330122062261555493e-01 1.704784419578045718e+00
7.514937778345076591e-01 8.598668466076081485e-01 1.611360624442115697e+00
6.253041804263984593e-01 8.034233579929583868e-02 7.056465162256942980e-01
6.556283034553157529e-01 1.739183659164270646e-01 8.295466693717428175e-01
4.594558692386270238e-01 7.152324558263185583e-01 1.174688325064945582e+00
6.878857280729677726e-02 7.582907212598616331e-01 8.270792940671584104e-01
9.459015525138175784e-01 6.592578503636469245e-01 1.605159402877464503e+00
2.081523121401928078e-01 6.713553500440873067e-01 8.795076621842801146e-01
9.565380473732213451e-01 5.723132180963853566e-01 1.528851265469606702e+00
1.562890402983823090e-01 3.497566964549202462e-01 5.060457367533025552e-01
9.282388346690543246e-01 2.804624390489135477e-01 1.208701273717967872e+00
1.459295722570990161e-01 4.785242222258587752e-01 6.244537944829577913e-01
5.967109170186923883e-02 9.201602907047994329e-01 9.798313824066686717e-01
5.141211320550389541e-01 1.016214981294005781e-03 5.151373470363329599e-01
1.925325301133142819e-01 1.790506980812464066e-01 3.715832281945606885e-01
1.652800495060916530e-01 6.651866188290622706e-01 8.304666683351539236e-01
7.045275867935405500e-01 4.581026034014454851e-01 1.162630190194986035e+00
6.720003829377616533e-01 3.665522102449707553e-01 1.038552593182732409e+00
8.225203532700156028e-01 2.469697537299262446e-01 1.069490106999941847e+00
4.716395824447646712e-01 4.923153170789981159e-01 9.639548995237627871e-01
4.118429052568697291e-01 1.613724579882344079e-01 5.732153632451041370e-01
2.074398756826600909e-02 8.276427116970029862e-01 8.483866992652689953e-01
8.540735130100217676e-01 6.230871852771119324e-01 1.477160698287133700e+00
3.143208670955505157e-01 9.269550082014980097e-01 1.241275875297048525e+00
9.831541914569433827e-01 2.089729282408148148e-01 1.192127119697758086e+00
2.007259105380846398e-01 8.239102467160610566e-01 1.024636157254145807e+00
6.821187158811856666e-01 8.392311440314599302e-01 1.521349859912645597e+00
1.388229346148927013e-01 2.557143807543228453e-01 3.945373153692155466e-01
8.224858257504711334e-01 5.471424328255569680e-02 8.772000690330268302e-01
9.435366009132943876e-01 5.444068379042088512e-02 9.979772847037152728e-01
1.992073308634012552e-01 1.259614536088146108e-01 3.251687844722158660e-01
7.324572975718703916e-01 4.205227497097230316e-01 1.152980047281593423e+00
2.781725554125863420e-01 7.184504237299479401e-01 9.966229791425342821e-01
1.265553578911671195e-03 6.550225876333403141e-01 6.562881412122519853e-01
3.247082605786274501e-01 2.288064620765475343e-01 5.535147226551749844e-01
4.142565190007513332e-01 1.854357516500159120e-01 5.996922706507672451e-01
3.001611666713704940e-01 2.829355520776219990e-01 5.830967187489924930e-01
4.415010578212176240e-01 2.810332658581071730e-02 4.696043844070283413e-01
6.223694499672913771e-01 1.539752372817150272e-01 7.763446872490064044e-01
1.835563486992849436e-01 7.798606646042397506e-01 9.634170133035246941e-01
7.307404751252282171e-01 2.748621493435212670e-01 1.005602624468749484e+00
8.875653030170286284e-01 1.164504823704345382e-01 1.004015785387463167e+00
7.863272212385800097e-01 3.024995407378631151e-01 1.088826761976443125e+00
1.806359224616128634e-01 2.534023447853723798e-01 4.340382672469852432e-01
2.330998498439085242e-02 7.456558078933117617e-01 7.689657928777026141e-01
4.338018071966198708e-02 4.743569064085088050e-01 5.177370871281707920e-01
5.323255141656120237e-01 4.985191944570255274e-02 5.821774336113145765e-01
9.851852128610507631e-01 6.076040279005747724e-01 1.592789240761625535e+00
9.999542396017377932e-01 3.830725578167770706e-03 1.003784965179905564e+00
8.629749096670802366e-03 9.058932154771605072e-01 9.145229645738313096e-01
9.218478242911921638e-01 9.893639237155454902e-01 1.911211748006737654e+00
3.629195694465958688e-03 2.308499003358327473e-01 2.344790960302987060e-01
4.764135849988230254e-01 4.571564345482159730e-02 5.221292284536446227e-01
